-311.07 8.53171 -306.146
-307.286 8.5695 -304.341
-310.547 8.55228 -305.923
-307.156 8.57993 -304.294
-309.593 8.57046 -305.495
-307.179 8.59083 -304.331
-308.804 8.58011 -305.157
-307.157 8.59318 -304.377
-297.237 8.73648 -299.796
-293.949 8.74688 -298.12
-298.481 8.6125 -296.413
-294.838 8.625 -294.54
-297.166 8.74266 -299.771
-293.362 8.76255 -297.844
-297.189 8.75666 -299.84
-293.351 8.77655 -297.876
-297.648 8.64858 -295.933
-294.967 8.64612 -294.573
-297.17 8.76137 -299.871
-293.397 8.77869 -297.948
-296.822 8.76545 -299.751
-293.431 8.77513 -298.015
-295.198 8.79499 -299.004
-293.555 8.79829 -298.162
-294.355 8.81229 -298.62
-293.551 8.80807 -298.194
-283.891 8.93439 -293.594
-280.292 8.9484 -291.697
-283.919 8.95449 -293.642
-280.292 8.95856 -291.714
-283.953 8.97165 -293.688
-280.377 8.9829 -291.799
-283.218 8.92179 -288.935
-281.431 8.8758 -288.055
-282.395 8.9416 -288.463
-281.475 8.9072 -288.027
-283.156 8.97563 -293.305
-280.404 8.98609 -291.839
-282.293 9.00775 -292.895
-280.441 9.00799 -291.903
-281.483 9.01701 -292.489
-280.541 9.01612 -291.981
-271.085 9.07995 -286.984
-267.895 9.08574 -285.157
-272.145 9.06513 -283.173
-268.896 9.04926 -281.334
-270.962 9.08893 -286.929
-267.493 9.10181 -284.939
-271.03 9.09509 -286.98
-267.599 9.11354 -285.021
-271.423 9.07127 -282.749
-268.935 9.06135 -281.337
-270.982 9.11162 -286.955
-267.656 9.12145 -285.049
-270.661 9.08121 -282.332
-269.029 9.05632 -281.427
-269.487 9.13513 -286.137
-267.551 9.13524 -285.022
-257.103 9.19139 -279.167
-254.674 9.17849 -277.675
-256.936 9.20618 -279.092
-253.7 9.19575 -277.125
-256.905 9.22555 -279.106
-253.387 9.21567 -276.971
-256.897 9.23274 -279.14
-253.422 9.21374 -277.012
-256.916 9.25431 -279.189
-253.376 9.23925 -277.03
-256.321 9.24761 -278.877
-253.497 9.23611 -277.144
-255.414 9.26767 -278.362
-253.503 9.25922 -277.188
-254.587 9.28057 -277.904
-253.605 9.27031 -277.3
-245.48 9.27696 -267.434
-243.775 9.2428 -266.344
-243.354 9.36483 -271.059
-241.945 9.34111 -270.153
-245.424 9.29156 -267.356
-242.785 9.25677 -265.708
-243.409 9.37488 -271.111
-240.922 9.35783 -269.527
-245.32 9.3126 -267.253
-241.645 9.26481 -264.957
-243.233 9.38153 -271.013
-240.099 9.32578 -268.956
-243.411 9.40593 -271.154
-239.466 9.38533 -268.629
-244.853 9.30982 -266.956
-241.717 9.2626 -265.007
-243.534 9.41893 -271.267
-239.531 9.37652 -268.691
-244.082 9.34116 -266.403
-241.867 9.28894 -265.059
-243.649 9.42787 -271.358
-239.567 9.41387 -268.745
-243.325 9.3505 -265.896
-241.967 9.31655 -265.071
-243 9.44279 -270.947
-239.65 9.41123 -268.803
-242.225 9.45749 -270.49
-239.787 9.43054 -268.922
-241.394 9.4647 -269.985
-239.98 9.44911 -269.075
-231.071 9.31274 -263.731
-227.622 9.25691 -261.426
-231.087 9.32709 -263.775
-227.301 9.25495 -261.238
-231.118 9.34389 -263.824
-227.263 9.26967 -261.24
-231.247 9.33885 -263.934
-227.39 9.27477 -261.338
-231.281 9.13267 -259.351
-230.045 9.0958 -258.56
-230.576 9.3395 -263.513
-227.471 9.2867 -261.408
-229.824 9.32627 -263.023
-227.66 9.28578 -261.566
-229.028 9.32465 -262.512
-227.799 9.29366 -261.669
-216.138 9.11156 -254.291
-214.934 9.07898 -253.418
-206.387 8.92339 -247.578
-203.482 8.84182 -245.413
-206.37 8.93892 -247.594
-203.101 8.84765 -245.159
-206.401 8.94509 -247.676
-203.087 8.87378 -245.205
-206.405 8.95128 -247.714
-203.122 8.86801 -245.267
-205.802 8.94438 -247.319
-203.195 8.86875 -245.384
-205.028 8.93613 -246.77
-203.153 8.88658 -245.365
-193.33 8.8124 -238.217
-190.015 8.71905 -235.636
-193.39 8.82394 -238.313
-189.868 8.7314 -235.541
-193.434 8.82797 -238.404
-189.802 8.73493 -235.519
-193.254 8.8284 -238.285
-190.027 8.74659 -235.748
-192.528 8.83236 -237.758
-190.094 8.76308 -235.83
-191.749 8.82212 -237.192
-190.123 8.77299 -235.892
-182.903 8.48589 -225.396
-180.113 8.36775 -223.094
-180.709 8.61839 -228.689
-177.457 8.50121 -225.943
-180.948 8.633 -228.903
-177.654 8.52757 -226.148
-182.415 8.4811 -224.967
-180.348 8.39106 -223.265
-181.195 8.65561 -229.139
-177.827 8.53676 -226.3
-181.327 8.66621 -229.262
-178.119 8.55845 -226.569
-180.517 8.68434 -228.6
-178.132 8.58749 -226.589
-179.765 8.67238 -228.001
-178.223 8.61386 -226.71
-179.028 8.67469 -227.417
-178.293 8.63487 -226.798
-169.392 8.40403 -219.483
-168.01 8.34911 -218.266
-169.167 8.401 -219.32
-167.12 8.3203 -217.524
-169.076 8.42326 -219.293
-166.006 8.31425 -216.625
-168.375 8.28859 -219.222
-166.414 8.21996 -217.501
-167.835 8.28315 -218.776
-166.736 8.24154 -217.805
-161.067 7.91435 -208.195
-158.419 7.77952 -205.813
-158.496 7.9923 -210.77
-156.07 7.88958 -208.58
-158.311 7.99651 -210.635
-155.304 7.87321 -207.913
-160.434 7.9165 -207.567
-157.76 7.77827 -205.165
-158.203 8.00193 -210.557
-155.147 7.88377 -207.805
-158.398 7.99702 -210.737
-155.276 7.89179 -207.885
-159.181 7.85452 -206.61
-157.933 7.78204 -205.509
-158.335 7.98749 -210.693
-155.483 7.89147 -208.09
-157.752 7.95863 -210.142
-155.744 7.88908 -208.305
-156.256 7.93714 -208.913
-155.634 7.90648 -208.336
-146.157 7.72772 -200.156
-143.216 7.60017 -197.305
-146.203 7.73012 -200.249
-142.958 7.61217 -197.088
-146.212 7.74507 -200.292
-142.913 7.62579 -197.079
-145.702 7.71328 -199.931
-143.16 7.60479 -197.483
-135.215 7.3497 -190.131
-132.18 7.20036 -187.015
-135.009 7.35842 -189.962
-131.996 7.20639 -186.86
-133.978 7.2906 -189.144
-132.007 7.19594 -187.107
-123.391 6.91926 -178.716
-120.508 6.78267 -175.601
-123.363 6.93108 -178.717
-120.509 6.80572 -175.656
-122.865 6.91032 -178.337
-120.67 6.79768 -175.974
-112.587 6.52075 -167.774
-109.743 6.38907 -164.568
-112.143 6.51702 -167.313
-109.71 6.40206 -164.566
-111.531 6.49781 -166.684
-109.835 6.40749 -164.751
-93.5181 5.18594 -141.086
-91.9219 5.0979 -139.121
-92.9483 5.21654 -140.265
-91.9184 5.12081 -139.072
-91.0078 5.11934 -144.866
-89.2969 5.03711 -142.694
-90.3683 5.10673 -144.101
-89.2965 5.05933 -142.751
-89.7544 5.10194 -143.386
-89.27 5.07639 -142.765
-84.5851 4.86209 -130.569
-82.2896 4.71997 -127.6
-82.3803 4.83462 -134.442
-79.8971 4.71164 -131.137
-82.351 4.83806 -134.473
-79.7919 4.71828 -131.068
-82.023 4.83357 -134.113
-79.7874 4.71929 -131.147
-81.4846 4.82286 -133.442
-79.7664 4.73047 -131.151
-80.906 4.80802 -132.759
-79.9476 4.75158 -131.484
-72.4612 4.48771 -121.848
-70.6468 4.3765 -119.186
-72.5391 4.49066 -122.041
-69.9448 4.3644 -118.326
-72.567 4.4971 -122.139
-70.3099 4.39516 -118.92
-72.5671 4.50912 -122.174
-70.0049 4.38035 -118.482
-72.5943 4.52239 -122.248
-70.5605 4.42833 -119.341
-72.1926 4.50867 -121.741
-70.7196 4.43355 -119.63
-63.7011 4.1727 -110.196
-61.4335 4.04561 -106.827
-63.715 4.18811 -110.281
-61.287 4.0623 -106.658
-63.6823 4.20354 -110.28
-61.2094 4.07249 -106.582
-63.5335 4.18931 -110.199
-61.2515 4.06914 -106.781
-62.9723 4.17992 -109.474
-61.236 4.08078 -106.855
-64.5138 4.12395 -104.333
-64.232 4.04365 -104.056
-62.4438 4.16835 -108.728
-61.2205 4.09996 -106.887
-61.9185 4.1496 -108.013
-61.2044 4.1056 -106.934
-54.79 3.84605 -97.8931
-52.4966 3.74108 -94.2381
-54.657 3.85847 -97.7382
-52.3924 3.74951 -94.1126
-56.6859 3.75878 -93.7946
-55.8071 3.69979 -92.4642
-56.1602 3.76491 -92.8898
-55.8595 3.70137 -92.5485
-49.6773 3.44483 -83.3725
-48.1399 3.35048 -80.8104
-49.6125 3.45804 -83.2192
-47.6093 3.31697 -79.9287
-46.5544 3.40644 -85.9659
-44.7988 3.30163 -82.9962
-46.5466 3.41336 -86.0087
-44.5918 3.30465 -82.6947
-49.4924 3.46583 -82.979
-47.5414 3.30852 -79.8269
-46.4407 3.43118 -85.9004
-44.4024 3.31364 -82.4321
-46.4316 3.44744 -85.9355
-44.4446 3.33358 -82.5566
-46.0935 3.42624 -85.4902
-44.4619 3.33079 -82.7171
-45.5781 3.41476 -84.6693
-44.3666 3.34532 -82.6144
-45.0415 3.40023 -83.807
-44.3228 3.36204 -82.5967
-37.9821 3.09571 -72.3184
-36.0284 2.97974 -68.7719
-40.6935 3.08052 -68.9347
-39.2463 2.97111 -66.3888
-37.2744 3.08321 -71.254
-36.1987 3.01824 -69.2904
-36.8874 3.07721 -70.6018
-36.2637 3.03811 -69.4589
-30.5151 2.78695 -59.5285
-28.8543 2.68599 -56.3676
-33.6084 2.77621 -56.9051
-31.7502 2.63575 -53.4461
-30.4847 2.80697 -59.5411
-28.5233 2.68267 -55.7918
-33.2361 2.77248 -56.143
-31.788 2.65461 -53.4711
-30.5536 2.80878 -59.7546
-28.5263 2.70862 -55.8957
-30.4802 2.83462 -59.7147
-28.6173 2.72763 -56.1181
-32.8257 2.76797 -55.304
-31.8391 2.66896 -53.5367
-29.6365 2.79843 -58.2901
-28.5956 2.73603 -56.3165
-29.191 2.78101 -57.5041
-28.5411 2.74079 -56.2916
-26.7378 2.53031 -43.822
-25.6938 2.43895 -41.7181
-23.2664 2.55027 -46.3243
-22.2195 2.49206 -44.1002
-26.7339 2.52842 -43.8712
-25.2097 2.43869 -40.6989
-23.2262 2.56326 -46.3042
-21.8058 2.46991 -43.3187
-26.6383 2.5438 -43.614
-24.7211 2.41239 -39.6753
-23.2062 2.57419 -46.3082
-21.397 2.46789 -42.5527
-26.271 2.54116 -42.8756
-24.7301 2.41707 -39.7938
-23.2221 2.58577 -46.4068
-21.3412 2.4742 -42.4981
-23.2503 2.6114 -46.5536
-21.4312 2.48504 -42.7055
-25.8883 2.51408 -42.179
-24.8287 2.42058 -40.0875
-25.4701 2.50033 -41.4026
-24.9041 2.43878 -40.3207
-23.0417 2.60844 -46.1548
-21.4813 2.50457 -42.8704
-22.6466 2.59082 -45.3592
-21.457 2.51056 -42.865
-22.1959 2.58847 -44.5153
-21.4914 2.53439 -43.0146
-21.7571 2.58401 -43.6919
-21.5591 2.54222 -43.1518
-19.4364 2.26438 -29.6782
-17.6164 2.15751 -25.8735
-18.6802 2.2492 -28.1004
-17.6902 2.15464 -26.1665
-18.2817 2.19118 -27.5104
-17.7782 2.14284 -26.5101
-9.3466 1.7192 -19.4358
-7.46577 1.63623 -15.5172
-9.36114 1.73941 -19.5325
-7.63388 1.64631 -15.8765
-9.32676 1.74222 -19.5509
-7.59009 1.66603 -15.8937
-11.4523 1.6105 -15.3955
-10.7254 1.54221 -13.985
-9.04533 1.74478 -19.0092
-7.66881 1.67321 -16.0722
-11.0302 1.60754 -14.4883
-10.7506 1.55258 -14.0371
-8.6345 1.74051 -18.191
-7.63233 1.68691 -16.0477
-8.22355 1.72679 -17.3984
-7.63651 1.69152 -16.1493
0.623809 1.61543 -7.65282
2.14618 1.53147 -4.49653
-3.45766 0.977667 -10.0949
-2.64642 0.931416 -8.40243
0.681306 1.62033 -7.58989
2.52255 1.53079 -3.85633
-4.7452 1.35879 -1.95097
-4.01918 1.29172 -0.52682
-2.57865 1.43256 -6.4922
-0.944661 1.35119 -3.04141
-2.33603 1.41076 -5.94813
-0.893032 1.34086 -2.90708
-4.33364 1.31339 -1.17017
-4.04224 1.26512 -0.675217
-1.92189 1.36875 -5.13158
-0.898686 1.31465 -2.97218
-1.53564 1.34285 -4.29867
-0.887335 1.30708 -2.92564
4.11025 1.14825 6.82346
5.82793 1.07803 10.4511
1.66675 0.968985 9.72719
2.51851 0.92815 11.4979
4.13844 1.15548 6.85565
5.87736 1.08407 10.5292
2.05971 0.97836 10.6465
2.5221 0.925907 11.4979
5.33762 1.09561 8.9476
5.90104 1.07268 10.1534
11.2113 0.973226 20.569
12.9773 0.912299 24.2976
11.2184 0.974053 20.5085
13.0361 0.907166 24.3156
12.3206 0.952408 22.5053
12.966 0.917952 23.8714
21.8372 1.12459 32.7301
23.2165 1.08732 35.5788
21.8411 1.13815 32.6385
23.6008 1.08375 36.3229
21.9065 1.15707 32.6227
23.9505 1.10392 36.8291
24.9601 0.457138 46.6697
26.3091 0.420473 49.5183
25.0091 0.474788 46.7169
26.7253 0.429084 50.338
25.0694 0.502251 46.7581
26.7502 0.453411 50.3165
25.722 0.489561 47.8263
26.852 0.45933 50.2315
26.1565 0.495667 48.6995
26.8553 0.467705 50.2138
26.5861 0.498687 49.5237
26.8676 0.478006 50.1637
31.0984 -0.0455101 56.4131
31.49 -0.059397 57.2551
31.3213 -0.0464083 56.8078
31.9365 -0.0688011 58.0746
35.8975 0.830724 59.5669
37.2059 0.7759 62.307
32.3446 0.479324 61.018
33.9312 0.431511 64.3115
35.9385 0.844122 59.5562
37.6727 0.771342 63.1889
35.9509 0.863569 59.4547
37.6959 0.787264 63.1296
32.3807 0.49205 60.8271
34.1464 0.447358 64.5102
32.7247 0.504849 61.487
34.1789 0.467526 64.5218
33.1692 0.499469 62.2966
34.1545 0.475164 64.3476
33.6205 0.503639 63.1443
34.2077 0.491253 64.3738
42.6725 0.81012 72.3946
44.1157 0.792526 75.3511
37.9548 -0.0869904 69.3297
38.6492 -0.100292 70.7577
42.8105 0.830182 72.5276
44.5214 0.794648 76.1336
39.1137 0.445464 73.8329
41.0882 0.413317 77.9705
42.7967 0.849366 72.4019
44.6922 0.803324 76.3654
36.4454 0.29515 76.9102
37.7097 0.219751 79.272
39.11 0.465185 73.6995
40.9874 0.431586 77.6226
36.8534 0.315272 77.8355
37.6535 0.253134 79.2892
39.1069 0.46937 73.6093
40.9451 0.434209 77.4726
39.3226 0.488667 74.0018
41.0919 0.453967 77.7224
37.2615 0.316672 78.7263
37.6511 0.271159 79.3655
39.7191 0.476114 74.6986
40.8957 0.443142 77.1619
40.1393 0.486246 75.5233
40.91 0.463555 77.1395
49.8285 0.797733 85.7978
51.2043 0.767248 88.7182
49.9731 0.810163 85.996
51.8169 0.764022 89.9465
46.1518 0.458464 87.0491
47.9571 0.425209 90.7768
46.3625 0.485661 87.3172
48.031 0.462113 90.801
47.1989 0.456664 88.8049
47.9313 0.436415 90.3188
51.9385 -0.128592 95.6978
52.5746 -0.148584 96.9907
53.1577 0.408412 100.355
54.9128 0.370224 104.011
51.3383 0.193468 104.99
51.9851 0.15499 106.164
53.6767 0.412644 101.089
55.0294 0.385923 103.897
54.1052 0.406696 101.9
55.0216 0.380143 103.82
54.5135 0.401829 102.664
54.9749 0.389304 103.632
64.009 0.749151 112.338
65.7661 0.664078 116.129
64.0362 0.770296 112.255
65.7224 0.676174 115.971
60.3747 0.361502 113.754
62.1216 0.32156 117.403
70.7442 0.594277 125.326
71.8882 0.564013 127.687
70.7909 0.605718 125.34
72.2107 0.561679 128.312
67.2275 0.227915 126.793
68.5311 0.199386 129.504
67.3067 0.260461 126.875
69.1085 0.212185 130.644
67.3275 0.247769 126.653
69.0625 0.212478 130.273
67.3592 0.273178 126.656
69.1025 0.240914 130.284
67.7725 0.28766 127.461
69.1198 0.250692 130.295
78.5991 0.530894 140.15
79.2479 0.507738 141.539
78.6865 0.550022 140.19
79.7894 0.519386 142.493
72.1285 0.0542364 143.966
73.2718 -0.0250787 146.01
74.5676 0.225787 140.236
76.4618 0.192285 144.168
74.6027 0.230117 140.186
76.4177 0.197649 143.986
75.2766 0.227549 141.363
76.4203 0.199591 143.744
75.6956 0.227294 142.191
76.4019 0.209215 143.671
85.0895 0.602812 152.14
86.2927 0.517263 154.788
80.4509 -0.29839 149.132
81.2291 -0.326886 150.688
85.1248 0.623552 152.081
86.747 0.508603 155.65
81.3112 0.212864 153.133
82.9927 0.16059 156.714
85.1239 0.646179 151.947
86.7363 0.53162 155.496
81.3194 0.229492 153.083
83.06 0.18525 156.784
81.3331 0.244576 153.071
83.1032 0.187012 156.868
81.4801 0.265215 153.318
83.0817 0.218513 156.739
81.8771 0.268329 154.113
83.1065 0.234917 156.791
85.7647 -0.088525 168.412
87.075 -0.149221 171.013
86.505 -0.0287483 170.259
87.1234 -0.0905169 171.341
89.2693 0.154271 167.77
90.5641 0.125792 170.534
89.6882 0.156434 168.632
90.5719 0.138419 170.515
90.1046 0.155545 169.456
90.575 0.138715 170.481
93.8337 -0.359354 174.714
94.5609 -0.377898 176.218
92.6691 -0.0115344 182.784
93.6361 -0.0160585 184.783
94.923 0.160332 178.813
96.6693 0.165683 182.477
93.2005 -0.0155046 183.876
93.7255 -0.0342357 184.894
95.2706 0.170134 179.516
96.8787 0.17641 182.886
96.2133 0.151506 181.215
96.8391 0.136538 182.537
102.135 0.11008 192.781
102.769 0.0873817 194.133
102.162 0.128865 192.783
103.243 0.101953 195.056
102.218 0.143687 192.825
103.733 0.118782 195.979
102.354 0.170493 192.737
103.695 0.145511 195.563
102.667 0.181838 193.345
103.575 0.168569 195.248
103.081 0.183527 194.103
103.543 0.175058 195.089
108.873 0.10293 205.54
110.419 0.107312 208.818
108.795 0.116208 205.296
110.6 0.121689 209.067
108.708 0.124589 205.088
110.527 0.11938 208.921
108.722 0.130364 204.979
110.432 0.121689 208.588
109.079 0.140126 205.696
110.45 0.128321 208.605
109.522 0.137864 206.587
110.433 0.131517 208.522
109.955 0.120767 207.39
110.435 0.114798 208.404
116.054 0.0998301 219.539
117.725 0.0827104 223.017
116.051 0.108676 219.482
117.886 0.0846317 223.301
116.065 0.117559 219.484
117.9 0.0968242 223.293
113.831 -0.0451798 224.009
114.664 -0.091948 225.606
116.052 0.128152 219.425
117.916 0.105476 223.301
116.408 0.121292 220.017
117.882 0.0969973 223.114
114.221 -0.0197784 224.948
114.598 -0.0721 225.546
116.831 0.131793 220.851
117.875 0.120422 223.029
117.288 0.125018 221.722
117.865 0.114008 222.943
123.361 0.0838855 233.605
124.817 0.0627183 236.567
123.277 0.101337 233.389
125.117 0.0736752 237.133
123.141 0.0992728 233.124
124.933 0.0751436 236.763
123.013 0.119147 232.813
124.833 0.0756628 236.563
120.742 -0.0825481 237.121
121.653 -0.14446 238.809
122.878 0.0761013 232.346
124.693 0.0593756 236.099
123.419 0.10087 233.373
124.768 0.0816217 236.184
121.247 -0.0711258 238.236
121.708 -0.0989622 239.106
123.953 0.0977196 234.432
124.849 0.0853403 236.284
124.501 0.085093 235.386
124.926 0.0730134 236.267
133.209 0.30565 244.231
134.852 0.27476 247.589
133.176 0.310577 244.133
134.778 0.271745 247.469
129.958 -0.0178537 245.776
131.676 -0.0475983 249.385
129.995 -0.00164909 245.8
131.724 -0.0274232 249.417
130.128 0.00188513 246.012
131.71 -0.0241046 249.32
130.577 0.0111936 246.9
131.749 -0.00638382 249.345
133.705 -0.205805 261.283
135.297 -0.252061 264.487
133.809 -0.175407 261.618
135.408 -0.240227 264.767
134.165 -0.180052 262.29
135.353 -0.217196 264.712
137.531 -0.0223799 260.102
138.725 -0.047048 262.559
137.942 -0.0246261 260.876
138.712 -0.0466566 262.471
138.365 -0.0307245 261.642
138.731 -0.0462259 262.422
144.439 -0.0816731 273.532
146.077 -0.128127 276.942
144.466 -0.0936153 273.416
146.352 -0.130113 277.37
144.868 -0.0872922 274.174
146.373 -0.114717 277.273
145.241 -0.0848746 274.914
146.351 -0.110633 277.217
145.675 -0.0959006 275.653
146.303 -0.115055 276.955
150.788 -0.0916193 285.667
152.417 -0.13355 289.021
149.816 -0.190378 284.029
152.637 -0.225629 289.727
151.742 -0.0553021 287.272
152.737 -0.0820377 289.325
152.138 -0.085916 287.913
152.72 -0.104591 289.109
157.213 -0.17733 297.526
158.983 -0.222148 301.201
157.335 -0.172964 297.701
159.024 -0.212774 301.191
157.76 -0.17074 298.543
159.026 -0.19757 301.15
-308.72 8.61992 -305.205
-307.107 8.62553 -304.441
-297.377 8.75173 -299.894
-295.105 8.7619 -298.741
-297.302 8.7606 -299.871
-294.374 8.77568 -298.388
-298.593 8.633 -296.438
-295.724 8.63453 -294.976
-297.738 8.6496 -295.978
-294.811 8.65671 -294.477
-297.203 8.76219 -299.856
-293.525 8.78674 -297.984
-297.346 8.7678 -300.066
-293.554 8.78384 -298.137
-296.772 8.79067 -299.808
-293.48 8.8009 -298.128
-295.952 8.80908 -299.416
-293.604 8.81361 -298.213
-283.825 8.91797 -293.533
-280.752 8.93687 -291.924
-283.839 8.94032 -293.576
-280.423 8.95016 -291.77
-284.279 8.93157 -293.834
-280.649 8.9493 -291.919
-282.956 8.86973 -288.88
-281.956 8.85076 -288.376
-284.275 8.95092 -293.868
-280.768 8.97847 -292.023
-282.339 8.88982 -288.517
-281.335 8.87046 -288.012
-283.919 8.95814 -293.688
-280.195 8.97271 -291.705
-283.768 8.99 -293.656
-281.089 8.99591 -292.231
-283.029 9.00913 -293.307
-281.182 9.01144 -292.318
-282.291 9.03177 -292.947
-281.256 9.03086 -292.39
-271.637 9.04524 -287.241
-269.628 9.04934 -286.091
-272.486 9.00446 -283.466
-269.751 9.00707 -281.891
-271.551 9.06721 -287.232
-268.731 9.0749 -285.609
-271.421 9.07108 -287.164
-268 9.08792 -285.208
-271.63 9.01992 -282.95
-269.384 8.99291 -281.703
-271.352 9.0927 -287.138
-267.746 9.10628 -285.084
-270.906 9.02539 -282.563
-269.383 8.99669 -281.727
-271.329 9.10329 -287.141
-267.7 9.11522 -285.064
-270.192 9.0146 -282.208
-269.469 9.00063 -281.813
-271.364 9.1156 -287.185
-267.767 9.12356 -285.126
-270.545 9.14172 -286.759
-267.725 9.14877 -285.145
-269.704 9.15894 -286.307
-267.653 9.15991 -285.14
-268.882 9.17819 -285.871
-267.653 9.17183 -285.16
-257.852 9.15564 -279.557
-256.562 9.14445 -278.756
-257.67 9.16065 -279.455
-255.616 9.15808 -278.208
-257.624 9.17785 -279.456
-254.839 9.16455 -277.756
-257.536 9.18398 -279.44
-254.102 9.16592 -277.339
-257.492 9.20696 -279.453
-254.11 9.19002 -277.385
-257.537 9.21349 -279.511
-254.047 9.20359 -277.376
-257.497 9.21834 -279.539
-253.916 9.20853 -277.35
-256.749 9.23371 -279.114
-254.097 9.21746 -277.502
-255.932 9.24907 -278.643
-253.959 9.23841 -277.428
-255.115 9.26179 -278.171
-253.951 9.25265 -277.448
-246.06 9.20647 -267.927
-245.36 9.176 -267.505
-244.084 9.33725 -271.467
-242.687 9.3199 -270.563
-245.996 9.23799 -267.817
-244.186 9.22948 -266.661
-244.086 9.34371 -271.479
-241.804 9.32653 -270.023
-245.918 9.26556 -267.72
-243.319 9.23705 -266.087
-245.103 9.27427 -267.178
-242.413 9.25807 -265.465
-244.02 9.35644 -271.464
-240.893 9.34665 -269.464
-243.994 9.37137 -271.471
-240.181 9.3399 -269.033
-244.286 9.3022 -266.602
-242.216 9.25001 -265.351
-243.59 9.28965 -266.201
-242.298 9.27813 -265.383
-244.017 9.39545 -271.501
-240.144 9.36563 -269.047
-245.378 8.67496 -271.085
-245.199 8.6567 -270.941
-244.116 9.40693 -271.582
-240.218 9.37343 -269.107
-244.167 9.4202 -271.636
-240.119 9.38825 -269.055
-243.441 9.43256 -271.203
-240.205 9.40485 -269.135
-242.639 9.44495 -270.726
-240.327 9.41703 -269.236
-241.87 9.45149 -270.256
-240.492 9.43449 -269.366
-231.482 9.28837 -263.949
-229.3 9.25278 -262.49
-231.462 9.29984 -263.964
-228.513 9.24546 -261.992
-231.433 9.30982 -263.964
-227.717 9.24166 -261.479
-231.465 9.14458 -259.458
-230.178 9.10947 -258.629
-231.531 9.31326 -264.07
-227.802 9.2597 -261.576
-231.62 9.33075 -264.159
-227.798 9.26929 -261.591
-231.712 9.34177 -264.252
-227.795 9.28494 -261.615
-231.241 9.34911 -263.972
-228.259 9.29306 -261.962
-230.638 9.35001 -263.587
-227.782 9.29494 -261.661
-230.112 9.36105 -263.27
-228.94 9.33169 -262.468
-206.365 8.91338 -247.544
-204.319 8.85142 -246.012
-206.355 8.92752 -247.563
-203.554 8.84325 -245.466
-206.354 8.94899 -247.65
-202.98 8.86384 -245.111
-206.803 8.94237 -248.025
-203.46 8.85599 -245.524
-207.182 8.95834 -248.32
-203.828 8.87115 -245.81
-206.858 8.9541 -248.086
-203.449 8.86655 -245.535
-206.58 8.96634 -247.896
-204.582 8.89887 -246.395
-205.66 8.92586 -247.194
-204.558 8.90039 -246.375
-194.948 8.67964 -239.163
-193.845 8.65523 -238.3
-194.908 8.70835 -239.192
-193.029 8.66898 -237.726
-194.724 8.72434 -239.088
-191.975 8.65784 -236.926
-194.809 8.74027 -239.26
-191.654 8.66305 -236.784
-194.605 8.74327 -239.115
-191.385 8.66184 -236.584
-193.87 8.72942 -238.582
-191.577 8.66759 -236.763
-192.401 8.72242 -237.494
-191.619 8.69557 -236.88
-182.608 8.50943 -229.94
-181.499 8.46549 -228.977
-183.48 8.39485 -226.066
-181.853 8.33789 -224.703
-182.538 8.54798 -229.959
-179.492 8.44099 -227.423
-182.29 8.5594 -229.795
-179.235 8.46631 -227.248
-181.008 8.60885 -228.827
-178.671 8.52053 -226.871
-180.239 8.61685 -228.194
-178.544 8.54779 -226.781
-170.001 8.32285 -219.799
-168.982 8.28767 -218.914
-169.98 8.32907 -219.795
-168.188 8.27306 -218.25
-169.992 8.22883 -220.404
-167.443 8.13757 -218.162
-169.332 8.22132 -219.857
-167.418 8.15873 -218.186
-168.672 8.21395 -219.313
-167.436 8.16758 -218.249
-158.93 7.94816 -211.038
-157.046 7.86735 -209.336
-161.229 7.8472 -208.469
-159.145 7.77476 -206.537
-160.299 7.85649 -207.537
-158.176 7.76677 -205.595
-158.739 7.95612 -210.936
-156.008 7.86352 -208.441
-158.676 7.97809 -210.953
-155.646 7.87894 -208.176
-158.989 7.83668 -206.452
-158.163 7.77167 -205.753
-158.649 7.99326 -210.969
-155.596 7.89437 -208.191
-158.546 8.00253 -210.918
-155.578 7.89672 -208.218
-157.869 7.99 -210.326
-155.606 7.91009 -208.269
-156.526 7.96306 -209.19
-155.628 7.92467 -208.368
-146.717 7.71168 -200.666
-143.517 7.60336 -197.566
-145.351 7.73889 -199.68
-143.286 7.64527 -197.68
-135.156 7.38485 -190.157
-133.175 7.28831 -188.125
-135.127 7.40039 -190.165
-132.487 7.27239 -187.459
-135.153 7.40316 -190.196
-132.111 7.26257 -187.093
-124.159 6.97789 -179.542
-122.478 6.89748 -177.752
-123.947 6.97854 -179.395
-121.033 6.85636 -176.283
-123.994 7.00288 -179.497
-120.969 6.86562 -176.243
-123.593 6.97389 -179.18
-121.3 6.8631 -176.728
-113.191 6.53485 -168.285
-111.442 6.46278 -166.308
-113.078 6.54893 -168.205
-110.686 6.4448 -165.487
-112.854 6.54787 -167.973
-109.858 6.43488 -164.611
-112.958 6.55349 -168.228
-110.103 6.42909 -165.03
-113.129 6.56983 -168.442
-110.279 6.43351 -165.219
-112.844 6.57162 -168.156
-110.455 6.45758 -165.455
-112.418 6.55585 -167.721
-110.648 6.47169 -165.727
-102.3 6.12251 -156.739
-100.325 6.0268 -154.451
-102.305 6.12933 -156.801
-99.6811 6.00197 -153.764
-102.311 6.14751 -156.851
-99.1832 5.98208 -153.197
-93.0724 5.1774 -140.506
-91.7111 5.1046 -138.826
-90.8272 5.14296 -144.721
-89.2406 5.06768 -142.709
-90.2361 5.13099 -144.013
-88.9447 5.07142 -142.38
-81.2533 4.84082 -133.253
-79.8205 4.76212 -131.361
-80.6591 4.83007 -132.524
-79.9327 4.7916 -131.569
-72.5545 4.50616 -122.106
-70.4856 4.40584 -119.144
-72.5126 4.51578 -122.08
-70.1595 4.40728 -118.728
-72.5242 4.52046 -122.151
-70.1878 4.41883 -118.83
-72.5301 4.52738 -122.229
-70.1948 4.42271 -118.922
-72.2849 4.53414 -121.932
-69.8759 4.44091 -118.562
-63.8259 4.1775 -110.376
-62.2628 4.09264 -108.06
-63.7577 4.19006 -110.319
-61.7813 4.08145 -107.388
-63.6971 4.19518 -110.277
-61.2388 4.07865 -106.638
-63.6548 4.19658 -110.442
-61.2519 4.07099 -106.85
-63.4772 4.20858 -110.235
-61.175 4.08852 -106.794
-54.6481 3.83718 -97.6597
-53.4098 3.77647 -95.6737
-54.59 3.84805 -97.6087
-52.9044 3.77236 -94.9269
-56.9081 3.76196 -94.1618
-55.6549 3.68209 -92.2535
-54.5114 3.8616 -97.5362
-52.3475 3.75764 -94.0725
-56.4176 3.74799 -93.3694
-55.7349 3.7007 -92.3397
-49.7184 3.44435 -83.4489
-49.0549 3.39886 -82.3558
-49.6709 3.45307 -83.339
-48.6045 3.37907 -81.5845
-46.7221 3.41248 -86.2049
-45.8527 3.3657 -84.7209
-49.4995 3.45682 -83.0158
-48.0485 3.38152 -80.5614
-46.6335 3.42313 -86.135
-45.3918 3.34179 -84.0134
-46.5614 3.42922 -86.079
-44.9065 3.33785 -83.2753
-46.4856 3.44504 -86.0108
-44.5275 3.33805 -82.6967
-46.4766 3.44749 -86.0807
-44.5175 3.3433 -82.7689
-46.4245 3.45186 -86.0714
-44.4783 3.34509 -82.7844
-45.8314 3.45244 -85.1673
-44.3493 3.36472 -82.6451
-40.5043 3.12603 -68.4342
-39.2501 3.01203 -66.2814
-38.1496 3.11958 -72.6659
-36.3543 3.01779 -69.4218
-40.0807 3.11581 -67.6281
-39.2876 3.04831 -66.2539
-38.1181 3.13093 -72.6499
-36.215 3.02683 -69.2229
-38.1023 3.1228 -72.7327
-36.2372 3.01831 -69.3536
-38.0606 3.13807 -72.7122
-36.1578 3.02547 -69.2461
-37.3362 3.104 -71.5312
-36.1014 3.0287 -69.3096
-36.8375 3.07994 -70.6532
-35.9806 3.03143 -69.1226
-36.3775 3.0559 -69.8376
-36.03 3.03238 -69.2053
-33.4491 2.72961 -56.7063
-32.2119 2.66088 -54.3332
-30.7 2.80309 -59.9895
-29.1468 2.71006 -56.9778
-32.8878 2.7199 -55.569
-31.82 2.65793 -53.5282
-30.4974 2.80213 -59.6345
-28.6403 2.69865 -56.0599
-30.5533 2.82825 -59.8199
-28.5589 2.73079 -56.0275
-32.4578 2.72696 -54.6565
-31.832 2.67217 -53.5128
-30.4651 2.81788 -59.7636
-28.6646 2.7102 -56.3508
-30.3583 2.83557 -59.6388
-28.5209 2.72823 -56.1641
-30.0258 2.83167 -59.0601
-28.5473 2.74034 -56.2482
-29.5829 2.81518 -58.2663
-28.5777 2.7471 -56.3725
-26.7003 2.49662 -43.8271
-26.3913 2.45014 -43.2562
-26.6982 2.51914 -43.7626
-25.8503 2.45951 -42.0151
-23.194 2.56102 -46.2305
-22.4529 2.51662 -44.6432
-26.504 2.51388 -43.3955
-25.4513 2.4316 -41.2607
-23.1719 2.57087 -46.232
-22.0402 2.49335 -43.8416
-26.033 2.47402 -42.5368
-24.8967 2.40621 -40.1964
-23.1047 2.57711 -46.1308
-21.4519 2.47786 -42.6918
-25.6377 2.47119 -41.6633
-24.6815 2.41658 -39.6868
-23.1273 2.58988 -46.2457
-21.266 2.47121 -42.3472
-23.1553 2.59943 -46.3329
-21.2941 2.49093 -42.4721
-25.238 2.47346 -40.8468
-24.7544 2.41466 -39.9391
-23.2188 2.61219 -46.498
-21.3034 2.49429 -42.5018
-23.1942 2.62241 -46.4882
-21.2945 2.50655 -42.5493
-22.8306 2.60569 -45.8043
-21.4181 2.52428 -42.8574
-22.4171 2.60119 -45.0125
-21.462 2.53785 -42.9896
-22.0204 2.59831 -44.2212
-21.5461 2.56169 -43.1895
-19.5776 2.22702 -30.0566
-18.7657 2.16505 -28.3777
-19.2704 2.21472 -29.4595
-18.2172 2.14882 -27.2707
-18.852 2.20388 -28.5406
-17.8135 2.13133 -26.4068
-18.4394 2.16602 -27.8268
-17.6297 2.08956 -26.2424
-18.0192 2.15816 -27.0144
-17.6893 2.09855 -26.4502
-15.1034 2.17927 -31.2873
-14.4889 2.14382 -29.977
-14.7077 2.16602 -30.4767
-14.5155 2.14528 -30.0334
-12.4157 1.79446 -16.6923
-11.5671 1.75382 -14.8215
-9.30579 1.78625 -19.5843
-7.65948 1.70027 -16.109
-9.2454 1.79125 -19.4845
-7.5809 1.70504 -15.9732
-11.085 1.63407 -14.478
-10.5929 1.59336 -13.5037
-9.23713 1.77184 -19.4767
-7.55873 1.69582 -15.9341
-9.20208 1.77015 -19.4024
-7.44053 1.68192 -15.6555
-9.0874 1.75324 -19.1525
-7.41047 1.66344 -15.6203
-8.72079 1.7322 -18.3756
-7.51762 1.66739 -15.8401
1.25983 1.66003 -6.89005
2.76139 1.56262 -3.67511
-4.99336 1.27648 -2.52133
-3.89284 1.18312 -0.401176
-2.47273 1.38616 -6.13433
-0.80454 1.298 -2.59473
-4.58141 1.2289 -2.04174
-3.90465 1.16407 -0.722537
-2.40864 1.39301 -6.03174
-0.590034 1.30662 -2.20469
-2.43536 1.37037 -6.13255
-0.735073 1.28458 -2.55753
-2.1427 1.37986 -5.50602
-0.732456 1.2962 -2.52377
-1.79996 1.35864 -4.86238
-0.734227 1.29626 -2.59369
4.17578 1.10276 7.10157
5.92316 1.02899 10.7995
5.05741 1.07316 8.46095
5.86074 1.04234 10.1739
5.37226 1.07633 9.0814
5.72103 1.06333 9.82381
11.6221 0.937066 21.1873
12.9647 0.876159 23.9965
11.9631 0.931044 21.8719
12.9667 0.890413 23.9568
12.3876 0.932305 22.6975
12.9501 0.903614 23.8841
21.6684 1.0879 32.6821
22.5907 1.06351 34.5832
21.7486 1.10511 32.7066
23.0818 1.06588 35.4835
21.7592 1.11929 32.6229
23.3899 1.05573 36.1332
16.654 0.53878 38.3314
16.9376 0.487524 38.7672
24.729 0.526874 45.9937
25.6435 0.503898 47.9192
24.829 0.537038 46.1666
26.16 0.511135 48.9468
24.9552 0.546545 46.3947
26.6614 0.516934 49.9479
25.0112 0.533137 46.2445
26.5847 0.497721 49.5878
23.337 0.445168 51.5032
23.6551 0.404482 52.0395
25.1099 0.539024 46.4299
26.734 0.502717 49.8801
25.4486 0.545684 47.102
26.7161 0.513314 49.7951
25.849 0.548451 47.9003
26.7506 0.519593 49.7965
32.2048 0.495124 60.4918
33.9087 0.461778 64.0256
32.2327 0.503531 60.5253
33.9583 0.470657 64.1016
32.2473 0.521589 60.5057
33.9716 0.482581 64.096
33.0865 0.533987 62.0379
34.0554 0.508355 64.0595
42.3211 0.789551 71.8849
43.5652 0.762136 74.4676
42.4829 0.812821 72.0413
44.1359 0.776909 75.4692
38.1262 -0.0650497 69.5134
38.9538 -0.0798106 71.208
36.5114 0.313881 77.1356
37.6108 0.263576 79.2582
36.929 0.311179 77.9809
37.5819 0.285841 79.2816
37.3753 0.34072 79.1028
37.5843 0.28579 79.3018
38.989 0.495691 73.3738
40.8148 0.457945 77.2021
39.4892 0.480766 74.222
40.7825 0.457459 76.897
39.9297 0.476315 75.0392
40.7816 0.460043 76.8129
45.9584 0.435257 86.7385
47.4811 0.410568 89.9012
46.042 0.458815 86.8493
47.8813 0.428811 90.67
46.0275 0.470453 86.7688
47.8236 0.435623 90.4818
46.6951 0.460908 87.7869
47.6667 0.434375 89.7946
47.0181 0.474058 88.4015
47.5634 0.456021 89.5356
51.0548 0.225621 104.549
51.8611 0.176956 106.01
51.5046 0.200573 105.374
51.85 0.164205 105.925
53.2365 0.401108 100.156
54.7977 0.364436 103.406
53.6115 0.400177 100.917
54.8278 0.376624 103.437
54.0666 0.401886 101.755
54.8083 0.385204 103.304
63.4159 0.660141 111.849
64.0121 0.655246 113.07
65.7459 -0.279579 121.576
65.9267 -0.287798 121.972
70.7936 0.633013 125.223
71.6565 0.579331 127.139
67.2161 0.255294 126.408
68.9294 0.217259 129.99
65.7203 -0.387967 124.948
66.0181 -0.40274 125.59
67.2449 0.279197 126.408
68.9765 0.240068 130.03
67.3603 0.295396 126.603
69.1352 0.279324 130.256
75.0449 0.245348 140.85
76.2935 0.224887 143.423
75.1321 0.269708 140.939
76.3223 0.241122 143.427
75.5646 0.280796 141.788
76.3739 0.26484 143.471
81.0123 0.217914 152.584
81.4328 0.214611 153.499
81.0993 0.230504 152.7
82.0116 0.236914 154.591
81.2221 0.244248 152.868
82.6522 0.230556 155.833
81.2374 0.254128 152.848
83.0236 0.20985 156.643
81.2502 0.266854 152.84
82.961 0.233501 156.45
79.6092 -0.391594 151.218
79.8798 -0.400069 151.81
81.2557 0.285322 152.759
83.0435 0.253444 156.606
81.3825 0.300739 152.982
83.1062 0.263724 156.708
92.6176 0.628785 166.284
93.0723 0.59328 167.269
85.5969 -0.0553015 168.192
87.0075 -0.0734388 171.205
85.9919 -0.0321131 169.126
87.0311 -0.0557709 171.327
86.4075 -0.0340009 170.023
87.0816 -0.0676486 171.35
88.9275 0.136545 167.111
90.549 0.131923 170.486
89.0361 0.138359 167.331
90.6079 0.113019 170.66
95.1161 0.141998 179.275
96.9236 0.158397 183.035
95.0581 0.153891 179.117
96.7495 0.155504 182.677
95.0934 0.165036 179.158
96.7995 0.166275 182.75
102.111 0.137381 192.627
102.929 0.114976 194.354
102.107 0.149018 192.586
103.39 0.11876 195.28
105.675 -0.0524106 207.553
106.578 -0.0658394 209.444
108.862 0.104767 205.509
109.503 0.109221 206.86
108.914 0.113252 205.557
110.079 0.117903 207.986
108.978 0.141642 205.601
110.62 0.141825 209.046
109.104 0.149766 205.718
110.777 0.150961 209.22
109.011 0.149487 205.525
110.851 0.155766 209.361
109.161 0.156878 205.768
110.891 0.156871 209.408
109.215 0.162355 205.799
110.932 0.156367 209.405
109.571 0.146054 206.518
110.836 0.144372 209.148
109.889 0.143606 207.186
110.744 0.135362 208.985
110.262 0.144908 207.957
110.671 0.142931 208.811
115.106 -0.0103735 217.928
116.318 -0.0250058 220.457
115.258 -0.0148746 218.234
116.9 -0.0156497 221.59
115.266 0.0103537 218.175
116.95 -0.00178359 221.649
113.676 -0.117882 223.384
114.138 -0.159803 224.206
115.369 0.0361174 218.306
117.109 0.0178788 221.915
116.02 0.060944 219.4
117.344 0.0489107 222.154
116.399 0.0471547 220.125
117.322 0.0407441 222.047
122.844 0.0157053 232.767
123.75 0.010895 234.585
122.844 0.0379075 232.704
124.117 0.0165788 235.301
122.969 0.0826563 232.828
124.654 0.0573842 236.258
120.752 -0.131081 236.949
121.803 -0.156318 239.081
122.886 0.02962 232.503
124.604 0.0095822 236.068
121.158 -0.0958413 237.951
121.787 -0.124661 239.171
122.941 0.0468439 232.562
124.649 0.0320084 236.091
123.012 0.0573379 232.676
124.796 0.0579379 236.313
129.716 -0.0217376 245.294
131.384 -0.0444654 248.777
129.751 -0.0136393 245.34
131.419 -0.0362998 248.822
129.818 0.00428712 245.372
131.481 -0.0145468 248.823
130.851 0.00395982 247.293
131.689 -0.0106499 249.048
131.278 0.0151126 248.129
131.685 0.00968139 248.977
133.528 -0.195271 260.947
134.712 -0.210782 263.4
133.768 -0.179525 261.515
135.22 -0.201566 264.512
134.203 -0.177344 262.382
135.307 -0.194198 264.698
134.604 -0.164166 263.248
135.324 -0.187256 264.673
136.938 -0.0389024 258.99
138.599 -0.0588596 262.415
135.071 -0.150982 264.194
135.33 -0.197044 264.566
136.956 -0.0358194 258.996
138.581 -0.0558797 262.298
136.986 -0.0199187 259.008
138.679 -0.0410379 262.45
137.308 -0.00909172 259.618
138.723 -0.0351978 262.519
137.727 -0.0196201 260.335
138.708 -0.0418715 262.363
138.177 -0.0297336 261.196
138.74 -0.0390458 262.338
144.294 -0.102418 273.19
145.101 -0.12314 274.924
144.334 -0.0869259 273.216
145.583 -0.111623 275.801
144.382 -0.081489 273.206
146.082 -0.110255 276.759
144.405 -0.0611975 273.19
146.291 -0.0905469 277.123
144.455 -0.0401813 273.207
146.302 -0.0712406 277
144.647 -0.0323868 273.568
146.364 -0.0583525 277.086
145.395 -0.0357435 274.921
146.363 -0.0622869 276.919
145.833 -0.0225578 275.75
146.384 -0.03898 276.891
-311.014 8.54344 -306.155
-307.538 8.57445 -304.481
-297.611 8.76692 -299.992
-296.599 8.76704 -299.484
-299.095 8.61985 -296.664
-296.878 8.62666 -295.536
-297.632 8.75059 -300.024
-295.683 8.75931 -299.035
-298.882 8.64971 -296.56
-295.596 8.6467 -294.892
-297.567 8.75976 -300.041
-294.385 8.781 -298.421
-297.581 8.74903 -300.063
-293.911 8.77008 -298.199
-298.945 8.63897 -296.643
-295.438 8.63302 -294.877
-297.418 8.80193 -300.12
-293.564 8.81508 -298.151
-297.24 8.74755 -299.978
-293.932 8.76209 -298.296
-296.328 8.78279 -299.598
-293.908 8.7914 -298.352
-283.747 8.95855 -293.504
-281.981 8.96302 -292.571
-283.945 8.94002 -293.633
-281.147 8.94808 -292.153
-284.048 8.92321 -293.693
-280.386 8.95255 -291.74
-284.024 8.95955 -293.743
-280.297 8.974 -291.77
-284.014 8.95853 -293.74
-280.436 8.97607 -291.84
-283.006 9.00267 -293.284
-280.475 9.00435 -291.926
-282.093 8.99188 -292.811
-280.528 8.99337 -291.971
-270.968 9.08744 -286.884
-270.355 9.0847 -286.536
-272.425 9.07745 -283.28
-270.303 9.06067 -282.109
-271.084 9.07223 -286.97
-269.527 9.07423 -286.077
-272.63 9.06749 -283.448
-269.458 9.052 -281.652
-271.003 9.08878 -286.953
-268.44 9.0983 -285.482
-272.804 9.05336 -283.617
-268.931 9.04044 -281.395
-271 9.10245 -286.956
-267.498 9.12421 -284.937
-271.117 9.10196 -287.019
-267.576 9.11676 -285.004
-270.912 9.11183 -286.915
-267.624 9.12155 -285.031
-269.946 9.1345 -286.403
-267.577 9.12932 -285.045
-257.124 9.1915 -279.18
-255.921 9.18511 -278.441
-257.309 9.17634 -279.264
-255.145 9.16601 -277.943
-257.11 9.21779 -279.242
-254.202 9.20568 -277.469
-257.172 9.21246 -279.288
-253.68 9.20255 -277.152
-256.459 9.24817 -278.961
-253.642 9.2367 -277.233
-255.576 9.26641 -278.464
-253.671 9.25971 -277.292
-243.56 9.37711 -271.206
-242.861 9.36989 -270.764
-243.642 9.37259 -271.24
-242.048 9.35494 -270.203
-245.366 9.31638 -267.266
-243.315 9.28415 -266.012
-243.725 9.37704 -271.313
-241.091 9.359 -269.635
-245.602 9.31628 -267.429
-242.462 9.27544 -265.467
-245.743 9.31607 -267.527
-241.769 9.2682 -265.025
-243.647 9.40277 -271.311
-239.957 9.38745 -268.944
-243.866 9.40479 -271.424
-239.895 9.37066 -268.902
-243.762 9.44997 -271.435
-239.825 9.41288 -268.916
-243.108 9.44413 -271.016
-240.052 9.41588 -269.059
-242.116 9.4564 -270.42
-240.249 9.43775 -269.216
-233.413 9.21487 -260.527
-231.663 9.16106 -259.427
-231.423 9.31842 -263.965
-229.9 9.29378 -262.948
-231.543 9.31838 -264.049
-228.78 9.27071 -262.207
-233.698 9.21072 -260.867
-230.142 9.11898 -258.546
-231.513 9.3255 -264.093
-227.799 9.27025 -261.59
-233.829 9.20912 -260.981
-230.394 9.11535 -258.768
-231.576 9.34432 -264.156
-227.894 9.28315 -261.677
-233.768 9.20155 -260.975
-230.433 9.11076 -258.825
-231.296 9.34886 -264.006
-227.983 9.28516 -261.771
-230.518 9.33108 -263.486
-228.214 9.29121 -261.925
-229.614 9.32783 -262.9
-228.276 9.30145 -261.999
-217.984 9.16046 -255.316
-216.923 9.12982 -254.555
-221.167 8.92955 -253.013
-218.743 8.87364 -251.241
-220.967 8.95675 -252.931
-217.648 8.88828 -250.521
-218.155 9.15822 -255.629
-214.763 9.08811 -253.193
-218.375 9.13529 -255.796
-215.052 9.0693 -253.413
-220.319 9.0001 -252.686
-217.196 8.93024 -250.434
-217.844 9.15007 -255.513
-215.05 9.08558 -253.509
-219.464 8.99927 -252.147
-217.303 8.94488 -250.593
-217.115 9.12176 -255.008
-215.31 9.07897 -253.714
-218.583 8.99574 -251.58
-217.393 8.96749 -250.735
-206.904 8.93637 -247.939
-205.573 8.89966 -246.936
-208.914 8.8591 -244.91
-207.095 8.81362 -243.526
-206.969 8.93974 -248.011
-204.775 8.87812 -246.377
-208.913 8.87327 -244.939
-206.154 8.81129 -242.854
-208.869 8.88966 -244.964
-205.626 8.81276 -242.53
-206.806 8.96311 -247.996
-203.693 8.88762 -245.659
-208.505 8.76275 -240.528
-206.109 8.6949 -238.728
-208.937 8.91393 -245.06
-205.682 8.83323 -242.61
-206.882 8.9591 -248.062
-203.739 8.87599 -245.713
-207.535 8.75451 -239.809
-205.187 8.69156 -238.045
-209.035 8.91402 -245.23
-205.645 8.82978 -242.648
-206.872 8.94947 -248.087
-203.882 8.87529 -245.855
-208.434 8.90961 -244.794
-205.984 8.84891 -242.928
-206.359 8.94546 -247.705
-204.13 8.88051 -246.051
-205.673 8.94676 -247.212
-204.333 8.90336 -246.226
-205.43 8.7446 -238.251
-203.071 8.66491 -236.483
-202.496 8.69163 -236.19
-200.108 8.61896 -234.349
-201.428 8.65619 -235.489
-199.075 8.58283 -233.688
-194.262 8.84919 -239.061
-191.071 8.76745 -236.527
-195.652 8.58972 -231.161
-193.156 8.51017 -229.222
-196.779 8.63776 -236.532
-193.677 8.5625 -234.081
-194.709 8.73782 -239.181
-191.784 8.66623 -236.886
-196.26 8.64802 -236.169
-193.517 8.58113 -234
-194.004 8.71787 -238.659
-191.825 8.66506 -236.942
-195.395 8.64319 -235.519
-193.491 8.59493 -234.01
-192.9 8.5477 -229.116
-190.167 8.45797 -226.957
-188.314 8.39461 -225.856
-185.899 8.28005 -223.93
-184.67 8.37324 -227.169
-182.592 8.31302 -225.407
-185.736 8.29422 -223.9
-183.119 8.22253 -221.663
-184.49 8.37549 -227.032
-181.615 8.30069 -224.613
-181.215 8.6441 -229.178
-178.525 8.55184 -226.905
-184.617 8.36169 -227.109
-181.687 8.27603 -224.639
-181.314 8.6598 -229.239
-178.078 8.54561 -226.512
-185.007 8.25439 -223.349
-182.242 8.16447 -221.003
-184.303 8.21006 -222.821
-181.652 8.11443 -220.589
-181.486 8.67403 -229.369
-178.215 8.56283 -226.605
-184.725 8.34707 -227.157
-181.805 8.26495 -224.719
-183.645 8.15419 -222.335
-180.979 8.07254 -220.055
-184.645 8.33261 -227.058
-181.929 8.25057 -224.799
-181.397 8.68394 -229.271
-178.352 8.56809 -226.719
-183.955 8.29217 -226.444
-182.073 8.23748 -224.883
-182.866 8.11253 -221.698
-180.331 8.03019 -219.534
-181.953 8.10275 -220.907
-179.729 8.02173 -219.018
-180.035 8.58319 -227.995
-178.962 8.53507 -227.108
-183.098 8.28002 -225.762
-182 8.24164 -224.843
-180.928 8.08406 -220.019
-178.623 8.01471 -218.027
-180.021 8.08277 -219.218
-177.596 7.99473 -217.15
-179.065 8.04583 -218.406
-176.644 7.9636 -216.332
-176.16 8.0295 -215.828
-173.639 7.93026 -213.677
-169.524 8.40361 -219.609
-167.953 8.34023 -218.228
-172.813 8.14706 -212.745
-170.864 8.05099 -211.102
-171.568 8.17254 -211.561
-169.647 8.08825 -209.926
-172.873 8.25048 -217.912
-169.638 8.12638 -215.09
-171.904 8.30185 -217.24
-169.396 8.20741 -215.056
-171.068 8.28244 -216.551
-169.48 8.21518 -215.173
-170.207 8.26993 -215.85
-169.589 8.244 -215.313
-158.676 8.01148 -210.966
-156.693 7.93019 -209.171
-161.114 7.96076 -208.192
-158.6 7.86908 -205.873
-161.128 7.97098 -208.237
-157.704 7.85469 -205.094
-158.671 8.00623 -210.986
-155.828 7.91042 -208.39
-158.742 8.00305 -211.062
-155.797 7.90757 -208.365
-161.227 7.98379 -208.397
-157.921 7.86509 -205.351
-161.296 7.99622 -208.481
-157.976 7.87274 -205.414
-158.721 8.00069 -211.046
-155.87 7.9044 -208.443
-157.992 7.97121 -210.39
-155.898 7.89708 -208.486
-160.57 7.95557 -207.917
-158.019 7.86492 -205.551
-159.709 7.94811 -207.167
-158.021 7.88973 -205.606
-157.219 7.94603 -209.728
-155.948 7.89774 -208.577
-156.337 7.93925 -208.993
-155.927 7.9195 -208.611
-146.988 7.77362 -200.984
-145.173 7.69908 -199.233
-149.434 7.70934 -198.206
-146.339 7.58489 -195.19
-146.992 7.75882 -201.018
-144.242 7.65885 -198.339
-146.969 7.75628 -201.062
-144.016 7.65433 -198.176
-149.376 7.73124 -198.199
-146.258 7.60622 -195.162
-146.636 7.7531 -200.83
-144.435 7.6592 -198.711
-149.343 7.76396 -198.293
-146.691 7.65415 -195.689
-146.098 7.71896 -200.336
-144.836 7.66913 -199.112
-148.727 7.76381 -197.741
-146.913 7.68332 -195.949
-148.177 7.73113 -197.282
-147.212 7.6879 -196.327
-146.167 7.5399 -190.315
-143.908 7.42013 -188.132
-135.756 7.43093 -190.811
-133.962 7.34389 -188.971
-138.057 7.40571 -187.779
-135.935 7.3054 -185.57
-135.78 7.42479 -190.85
-133.228 7.30362 -188.228
-135.956 7.2992 -180.456
-133.179 7.13047 -177.683
-130.089 7.08077 -174.983
-127.383 6.95432 -172.132
-129.137 7.07523 -173.908
-126.802 6.90221 -171.565
-124.611 7.0115 -180.051
-123.146 6.93747 -178.482
-124.613 6.98543 -180.056
-122.468 6.89072 -177.754
-124.397 6.99779 -179.936
-121.805 6.8888 -177.134
-124.335 6.99624 -179.912
-121.89 6.88333 -177.287
-126.695 7.01521 -177.197
-123.871 6.8849 -174.172
-123.87 6.97792 -179.456
-121.789 6.88787 -177.253
-126.528 7.03146 -177.069
-123.755 6.90137 -174.094
-125.025 6.89387 -169.989
-122.622 6.74096 -167.459
-125.722 7.01587 -176.251
-123.741 6.92496 -174.13
-124.251 6.85851 -169.15
-121.802 6.69029 -166.593
-113.55 6.58698 -168.894
-111.11 6.48054 -166.118
-115.649 6.61886 -165.94
-112.974 6.48998 -162.898
-113.472 6.58619 -168.829
-111.046 6.47018 -166.086
-112.971 6.54866 -168.265
-111.065 6.45729 -166.116
-115.193 6.50929 -159.936
-112.798 6.38793 -157.233
-115.553 6.63082 -165.884
-112.785 6.49677 -162.748
-114.775 6.61701 -165.055
-112.851 6.52707 -162.883
-105.281 5.55793 -155.702
-103.163 5.4797 -153.175
-104.357 5.45536 -154.449
-102.675 5.38973 -152.44
-103.465 5.34983 -153.259
-102.308 5.30248 -151.89
-99.4716 5.09184 -143.129
-97.1192 4.98578 -140.232
-98.6803 5.06079 -142.147
-96.369 4.9333 -139.342
-95.0189 4.98602 -143.27
-94.4106 4.96441 -142.521
-97.9091 5.03079 -141.249
-95.1507 4.89395 -137.869
-91.2641 5.17421 -144.75
-89.8538 5.11238 -142.974
-97.1248 5.00589 -140.332
-94.3872 4.86261 -136.978
-94.7342 5.0122 -143.044
-92.4126 4.90613 -140.145
-94.6938 5.01084 -143.062
-92.2109 4.89801 -139.942
-94.6751 5.00638 -143.153
-92.1262 4.90521 -139.931
-94.6407 5.02543 -143.163
-92.002 4.92522 -139.839
-90.6477 5.13444 -144.493
-88.8019 5.04686 -142.152
-94.2078 5.03048 -142.692
-91.9941 4.93653 -139.903
-93.6831 5.02748 -142.121
-92.2176 4.95452 -140.271
-90.2269 5.11003 -143.969
-89.1297 5.05206 -142.589
-92.0009 4.86437 -134.309
-89.9907 4.73043 -131.807
-91.3106 4.8415 -133.476
-89.277 4.73917 -130.872
-90.5828 4.82913 -132.557
-88.5757 4.72189 -129.982
-89.8267 4.80702 -131.63
-87.4681 4.67466 -128.605
-85.4173 4.8799 -131.711
-83.9195 4.79922 -129.75
-83.0394 4.86635 -135.158
-81.6101 4.79999 -133.263
-85.7001 4.76895 -132.415
-83.666 4.6695 -129.69
-82.9333 4.85254 -135.039
-80.8636 4.75136 -132.309
-87.3501 4.73523 -128.576
-85.1164 4.58385 -125.745
-82.6158 4.8586 -134.788
-80.0335 4.74515 -131.39
-85.4451 4.77729 -132.128
-82.8317 4.65352 -128.638
-85.3024 4.78019 -132.02
-82.6561 4.66632 -128.49
-82.5748 4.8446 -134.76
-80.0337 4.73669 -131.409
-85.5617 4.65812 -126.472
-83.6976 4.51928 -124.046
-82.0151 4.8442 -134.131
-79.8068 4.73683 -131.216
-85.2355 4.75914 -132.068
-82.613 4.64665 -128.584
-84.9485 4.64198 -125.62
-82.8567 4.52559 -122.825
-84.8028 4.75536 -131.57
-82.6338 4.6458 -128.665
-81.4659 4.80941 -133.423
-79.9951 4.73287 -131.492
-84.1315 4.74794 -130.739
-82.6541 4.67235 -128.757
-84.2268 4.63593 -124.593
-82.0767 4.5197 -121.713
-83.4628 4.74085 -129.912
-82.696 4.69963 -128.878
-72.5952 4.5167 -122.021
-71.7012 4.46957 -120.781
-78.683 4.37888 -117.957
-76.5963 4.26809 -115.053
-72.5038 4.52057 -121.999
-70.9791 4.44606 -119.818
-72.5045 4.51541 -122.068
-70.3224 4.4148 -118.96
-75.3812 4.55319 -119.124
-72.9667 4.3778 -115.803
-75.5366 4.55169 -119.451
-73.0646 4.37196 -116.052
-72.609 4.51146 -122.235
-70.279 4.4062 -118.912
-72.6383 4.51539 -122.335
-70.306 4.4096 -119.029
-72.2871 4.49026 -121.857
-70.4321 4.40597 -119.227
-75.0247 4.36087 -119.442
-73.5768 4.28538 -117.364
-74.5273 4.22624 -112.596
-72.5543 4.10203 -109.823
-74.3395 4.35755 -118.546
-73.5607 4.30922 -117.407
-72.5023 4.12939 -109.878
-70.5544 4.02343 -107.052
-71.145 4.0894 -107.969
-69.2163 3.97727 -105.159
-66.8418 3.99783 -108.096
-66.3483 3.96682 -107.376
-63.8808 4.16656 -110.331
-63.1563 4.12136 -109.273
-69.8007 4.03489 -106.181
-67.9144 3.91855 -103.405
-63.6906 4.18637 -110.219
-62.3453 4.11245 -108.224
-66.7519 4.01219 -108.051
-65.6295 3.94808 -106.374
-63.7123 4.18263 -110.263
-61.7466 4.08167 -107.332
-66.6959 4.03181 -108.028
-64.9547 3.92659 -105.411
-63.6512 4.19551 -110.375
-61.2581 4.06949 -106.791
-66.6409 4.02519 -108.142
-64.5028 3.90407 -104.912
-66.6037 4.04731 -108.151
-64.4296 3.92902 -104.88
-63.3417 4.16809 -109.941
-61.3628 4.06324 -106.979
-62.8168 4.16345 -109.259
-61.3947 4.07961 -107.121
-65.7393 4.0035 -107.049
-64.5528 3.93754 -105.248
-65.4549 3.86086 -100.077
-63.467 3.77263 -97.0497
-65.2266 4.00709 -106.307
-64.6714 3.97026 -105.449
-58.562 3.70046 -96.7062
-57.3856 3.64044 -94.8362
-61.8559 3.72659 -95.1591
-59.8521 3.56739 -92.191
-54.6831 3.85622 -97.6773
-54.034 3.81956 -96.6471
-58.2388 3.70636 -96.284
-56.4232 3.62649 -93.4615
-54.5859 3.83671 -97.568
-53.3061 3.77813 -95.5283
-58.1304 3.72867 -96.1927
-55.9569 3.62336 -92.7861
-54.6346 3.83492 -97.6554
-52.6844 3.73966 -94.5621
-49.1918 3.41983 -82.5508
-48.1623 3.34838 -80.857
-46.2451 3.40516 -85.4038
-45.6091 3.36471 -84.3337
-49.4065 3.41998 -82.9667
-47.8211 3.31034 -80.3648
-46.3718 3.40371 -85.6386
-45.1985 3.34104 -83.6373
-46.5718 3.40747 -85.9952
-44.8556 3.30503 -83.0923
-46.5686 3.44957 -86.1512
-44.4397 3.33326 -82.5481
-46.757 3.44593 -86.5051
-44.6645 3.33252 -82.9614
-46.4929 3.43799 -86.1349
-44.5378 3.33171 -82.8356
-49.8941 3.42122 -84.2771
-47.6407 3.30773 -80.4538
-45.7423 3.42635 -85.0059
-44.3649 3.35435 -82.6655
-49.2018 3.40451 -83.159
-47.5982 3.3207 -80.4288
-47.221 3.13085 -72.6412
-45.2137 3.01084 -69.1648
-46.6265 3.12021 -71.5563
-44.6283 2.99243 -68.1139
-46.0152 3.07978 -70.569
-44.0219 2.97255 -67.0501
-45.4558 3.03989 -69.7868
-43.4627 2.9145 -66.3031
-44.8212 3.04838 -68.5666
-42.9297 2.9152 -65.293
-40.9302 3.09318 -69.1624
-39.8986 3.02107 -67.3377
-37.6845 3.10664 -71.785
-36.3806 3.03367 -69.426
-44.2996 3.00427 -67.7571
-42.3446 2.86475 -64.3951
-43.7539 2.99434 -66.83
-41.815 2.83333 -63.566
-37.7262 3.09557 -71.9008
-35.9038 2.99224 -68.6077
-41.2814 2.95185 -70.4544
-39.4387 2.84185 -67.1303
-43.1925 2.95752 -66.0139
-41.2701 2.83302 -62.6355
-41.2856 2.93531 -70.5459
-39.391 2.8316 -67.1383
-42.6159 2.94232 -64.9953
-40.6701 2.79404 -61.621
-41.2646 2.95762 -70.6023
-39.3476 2.84492 -67.1313
-37.725 3.11821 -72.1008
-35.7053 2.9987 -68.4218
-42.0326 2.91079 -64.1258
-40.1482 2.78612 -60.7656
-37.4935 3.09967 -71.6942
-35.8008 3.00177 -68.6037
-41.155 2.95525 -70.4999
-39.3409 2.85045 -67.2034
-36.9602 3.08688 -70.8722
-35.7593 3.0189 -68.7273
-40.6048 2.95487 -69.5965
-39.2641 2.86762 -67.1301
-40.8877 2.86706 -62.0076
-39.0642 2.7415 -58.7677
-36.4488 3.05579 -69.9658
-35.8434 3.01429 -68.9076
-40.0677 2.92739 -68.67
-39.2867 2.8705 -67.2327
-40.3267 2.8144 -61.3066
-38.5301 2.67314 -58.1158
-39.7921 2.80721 -60.2725
-37.9335 2.65943 -56.9757
-39.2031 2.74729 -59.5059
-37.4378 2.6384 -56.261
-38.0934 2.72914 -57.3974
-36.2375 2.6133 -53.9825
-34.0691 2.63931 -58.0525
-33.6477 2.61086 -57.186
-30.4771 2.79159 -59.4271
-29.5257 2.74204 -57.6172
-33.9805 2.65468 -57.9089
-32.9831 2.58864 -55.9503
-33.9227 2.66177 -57.8317
-32.3977 2.57036 -54.869
-30.4239 2.79952 -59.4133
-29.0215 2.70702 -56.7209
-30.5381 2.79339 -59.6756
-28.742 2.68582 -56.193
-34.004 2.67496 -58.0126
-32.0172 2.56593 -54.1978
-30.6999 2.81161 -60.0303
-28.8635 2.71235 -56.4853
-34.1862 2.69133 -58.3834
-32.1571 2.57808 -54.4811
-34.307 2.71728 -58.6788
-32.2318 2.60312 -54.6934
-30.6963 2.83405 -60.1648
-28.9248 2.72478 -56.7639
-35.3673 2.5279 -53.3457
-33.7573 2.42032 -50.2552
-34.2557 2.72327 -58.6092
-32.379 2.62184 -55.0109
-30.4136 2.84502 -59.7635
-28.9407 2.75672 -56.9709
-34.6568 2.51606 -51.8929
-33.3361 2.35845 -49.5308
-29.8722 2.82159 -58.77
-28.9081 2.75663 -56.9547
-34.1059 2.51817 -50.7185
-32.4364 2.41287 -47.4916
-29.2551 2.78603 -57.5876
-28.8746 2.75678 -56.8835
-33.4676 2.51735 -49.3849
-31.8493 2.39142 -46.3177
-32.8971 2.4841 -48.2808
-31.3008 2.36527 -45.1577
-32.3344 2.44921 -47.2732
-30.7756 2.33703 -44.2098
-27.3212 2.29923 -45.6251
-26.9869 2.27685 -44.8855
-30.7592 2.32515 -44.6043
-29.1048 2.21648 -41.3266
-23.1978 2.5622 -46.2426
-22.3371 2.51395 -44.4124
-30.2079 2.31058 -43.4529
-28.6516 2.18627 -40.4298
-29.7394 2.30698 -42.4504
-28.0855 2.18703 -39.2045
-23.3324 2.61948 -46.7337
-21.4683 2.50196 -42.8551
-22.9959 2.59683 -46.082
-21.5441 2.50341 -43.0173
-22.531 2.59224 -45.165
-21.5901 2.54017 -43.1938
-26.0685 2.20785 -43.8997
-25.4324 2.17032 -42.6037
-22.0811 2.57495 -44.2839
-21.6698 2.54911 -43.3917
-26.6041 2.123 -36.9244
-25.1494 2.02469 -33.9657
-26.0284 2.09776 -35.893
-24.5793 2.00052 -32.9108
-25.4993 2.0801 -34.7495
-24.0323 1.98225 -31.7287
-24.9474 2.02069 -33.9252
-23.3676 1.92754 -30.6456
-24.4146 1.99345 -32.8845
-22.8148 1.9081 -29.5049
-23.8236 1.9866 -31.5559
-22.3441 1.87064 -28.5506
-15.949 2.28217 -32.1672
-15.3162 2.2434 -30.8436
-20.1289 1.9244 -32.2554
-19.2068 1.86622 -30.311
-23.3559 1.98804 -30.4821
-21.654 1.88943 -26.9123
-19.9891 1.93137 -32.008
-18.5381 1.84736 -28.971
-19.8846 1.94109 -31.8365
-18.1666 1.84621 -28.2544
-21.5593 1.87245 -27.284
-20.1853 1.73722 -24.5613
-19.7921 1.92664 -31.847
-18.0762 1.82853 -28.2206
-21.0625 1.84362 -26.2308
-19.5653 1.69415 -23.2712
-19.6771 1.94214 -31.6697
-17.9053 1.84144 -27.927
-19.4138 1.94522 -31.1671
-17.8002 1.85305 -27.7572
-18.8715 1.91916 -30.1815
-17.7554 1.85161 -27.828
-19.4538 1.74201 -23.2132
-17.7921 1.63762 -19.722
-14.6045 2.14504 -30.2459
-14.3105 2.12137 -29.6468
-13.7506 1.10167 -22.1161
-13.2635 1.06769 -21.0774
-12.4688 1.61066 -17.4944
-10.9624 1.53189 -14.2808
-12.4709 1.61791 -17.5807
-10.7354 1.52725 -13.9263
-12.4432 1.63291 -17.5673
-10.6797 1.54596 -13.8681
-9.25209 1.77265 -19.5088
-7.59493 1.68966 -15.9839
-12.4386 1.62203 -17.6817
-10.6854 1.52758 -13.9747
-9.10818 1.76152 -19.2199
-7.59788 1.67369 -16.0157
-8.70426 1.72201 -18.3923
-7.67469 1.66214 -16.2444
-12.7412 1.4033 -10.5257
-11.3829 1.31649 -7.73065
-8.29536 1.69949 -17.5495
-7.71887 1.66532 -16.3289
-12.2195 1.39449 -9.35573
-10.6585 1.30188 -6.11536
-11.6517 1.35927 -8.19041
-10.3298 1.232 -5.64394
-2.30865 1.50424 -5.71668
-2.07249 1.45725 -5.0712
-9.56245 1.20279 -4.47616
-8.1343 1.0978 -1.62841
1.00174 1.59459 -6.86927
1.60528 1.5613 -5.61796
1.43795 1.55651 -5.93348
2.03649 1.52352 -4.69258
-5.78801 1.27292 -4.31706
-4.57653 1.22051 -1.7952
-5.69246 1.28776 -4.16765
-4.03247 1.19928 -0.668672
-2.44905 1.43362 -6.15673
-0.755751 1.34541 -2.56963
-5.68677 1.29546 -4.2223
-3.90144 1.21608 -0.447801
-7.46135 1.1062 -0.479195
-6.05487 1.0324 2.45398
-2.50047 1.4241 -6.31222
-0.801871 1.33585 -2.71301
-7.12419 1.10687 0.296433
-5.67066 1.02639 3.31111
-2.50554 1.41317 -6.31082
-0.983247 1.32917 -3.11169
-6.67489 1.11199 1.34668
-5.31126 1.0086 4.06484
-2.31518 1.37245 -5.90624
-1.19376 1.31752 -3.55369
-6.36161 1.0975 2.00772
-4.92093 1.00268 4.93537
-1.98629 1.35458 -5.24549
-1.36986 1.31866 -3.93908
-5.97777 1.09042 2.83466
-4.54599 1.01895 5.83799
-5.29223 1.06878 4.22528
-3.8931 1.00335 7.16315
-4.6263 1.05571 5.69496
-3.44011 0.938702 7.94269
-3.97455 1.04851 6.91656
-2.83244 0.932159 9.10567
-3.40812 1.03325 8.11056
-2.06746 0.967265 10.9636
-2.86993 1.0265 9.33002
-1.55306 0.959372 12.0799
0.677303 1.02202 8.02299
1.30216 0.994602 9.35593
-2.34811 1.02934 10.5071
-0.987213 0.965714 13.3532
0.745756 1.05067 8.08122
1.93831 1.00466 10.6077
-1.77609 1.0344 11.8028
0.106184 0.974315 15.8695
0.703594 1.01516 7.72485
2.29638 0.938799 11.0361
-1.26514 1.02729 12.8969
0.562308 0.945063 16.7243
-0.741691 0.972305 13.8692
1.04543 0.885433 17.5867
0.812003 1.00825 7.92658
2.48893 0.929783 11.4394
-0.193166 0.906319 14.855
1.89919 0.796526 19.1755
0.415026 0.837735 15.9209
2.41038 0.713028 19.9553
4.81952 1.09723 7.90384
5.8178 1.05839 10.0342
1.38807 0.925603 9.06374
2.46439 0.880509 11.326
1.86571 0.888355 10.1132
2.48821 0.864775 11.415
1.84257 0.816044 18.6374
2.96748 0.749229 20.8799
10.6519 0.926149 19.7043
11.5924 0.866252 21.7489
7.73713 0.80939 21.615
8.70029 0.76417 23.6957
7.8058 0.81509 21.7389
9.20292 0.760012 24.7283
10.9657 0.950236 19.9853
12.5597 0.893711 23.3638
6.75371 0.742854 28.2583
8.18859 0.66842 31.1782
11.2307 0.949225 20.4383
12.6994 0.894397 23.5115
7.95906 0.832789 21.7724
9.71554 0.765012 25.5609
14.9169 0.657425 35.6561
15.7812 0.620387 37.5013
21.9458 1.0993 33.1174
23.0877 1.0657 35.4958
18.2949 0.880222 33.9156
19.4318 0.833653 36.3496
18.2978 0.893834 33.8228
20.0102 0.829497 37.4471
22.3594 1.08419 33.987
23.2151 1.06588 35.7501
13.8596 0.132133 31.1213
14.5723 0.106832 32.619
15.1075 0.693383 35.9096
17.0787 0.622149 40.0446
18.6772 0.952795 34.0981
20.5282 0.866376 38.1375
15.1499 0.686116 35.8044
17.1039 0.621357 39.9291
15.1942 0.699098 35.8597
17.197 0.638688 40.072
15.2079 0.725714 35.8172
17.332 0.654209 40.3041
18.8154 0.638253 34.4356
19.8623 0.605073 36.6336
16.2197 0.338936 45.2797
17.6001 0.287302 48.1428
16.7732 0.33446 46.4914
18.1112 0.282255 49.2583
17.3074 0.34723 47.5712
18.6975 0.283195 50.3833
22.0857 0.518439 49.5216
22.8612 0.489193 51.2028
18.8876 0.326786 50.7809
20.1724 0.28436 53.4374
22.1283 0.527159 49.5383
23.4701 0.495806 52.3884
22.1294 0.54736 49.4836
24.0499 0.500509 53.5686
19.9929 0.325974 53.0393
21.2938 0.25003 55.5952
25.1544 0.541051 46.5945
26.8855 0.496991 50.2516
22.1474 0.575099 49.4982
24.2396 0.500452 53.9046
25.1663 0.537763 46.5498
26.8521 0.500077 50.1309
25.3464 0.533018 46.9293
26.8534 0.49745 50.123
21.5686 0.258039 56.008
22.8786 0.225644 58.781
22.5504 0.466808 49.76
23.8824 0.426255 52.5975
25.7978 0.534733 47.8357
26.8781 0.500918 50.1056
22.1445 0.233992 57.0163
23.3407 0.186369 59.4336
23.0091 0.461518 50.7136
23.8317 0.427339 52.4906
22.6073 0.260201 58.1232
23.8935 0.196596 60.6747
23.4907 0.454623 51.7182
23.7595 0.439653 52.3093
23.1192 0.215542 59.0034
24.4023 0.183374 61.6942
23.6727 0.216141 60.1391
24.951 0.174506 62.747
24.2658 0.207042 61.3121
25.2833 0.126313 63.2217
28.8718 0.308721 62.6537
29.4184 0.29171 63.8105
25.3728 0.1935 63.491
26.2481 0.0826069 64.9572
36.3961 0.809834 60.611
37.1956 0.77633 62.2855
28.8986 0.317241 62.6175
29.9677 0.294036 64.8519
36.908 0.806016 61.5812
37.4499 0.776437 62.7318
28.9159 0.326276 62.2429
30.78 0.276107 66.1237
32.3101 0.498024 60.6685
34.0697 0.463665 64.3117
28.9993 0.343067 62.3404
30.8638 0.290068 66.2306
32.4307 0.540004 60.6998
34.2095 0.491838 64.414
29.449 0.348133 63.2311
30.8613 0.316225 66.1557
32.8251 0.519406 61.4817
34.116 0.48856 64.1945
29.9498 0.349765 64.1671
30.8308 0.325574 66.028
31.8418 0.116461 75.4962
33.0339 0.101699 77.9855
39.2737 0.530264 74.1168
39.6355 0.501972 74.9436
42.5644 0.815651 72.2215
43.4416 0.795201 74.0724
39.3213 0.546258 74.0986
40.1517 0.499385 75.88
42.9371 0.811486 72.9261
43.9387 0.790468 74.9981
43.3882 0.801394 73.8609
44.3242 0.789983 75.7784
33.4813 0.123454 78.6262
34.5776 0.105167 80.899
35.8153 0.293866 75.5577
37.5933 0.267963 79.2406
43.9849 0.813597 74.9026
44.3317 0.800039 75.6397
35.8161 0.2838 75.4451
37.6829 0.252515 79.3502
39.0363 0.47072 73.4609
40.8096 0.436801 77.1879
34.5111 0.109863 80.6225
35.5137 0.0648134 82.6206
35.8149 0.298126 75.4027
37.7424 0.266334 79.4333
39.0513 0.480738 73.3766
40.8676 0.442467 77.1853
36.0138 0.309644 75.7449
37.7039 0.270357 79.2874
39.3146 0.468396 73.8997
40.8071 0.439261 76.9923
36.4465 0.323562 76.5859
37.6922 0.301806 79.1773
39.8191 0.478428 74.8089
40.8226 0.45926 76.8983
40.2501 0.459993 75.6634
40.7306 0.44883 76.6556
36.7055 0.0869247 84.6806
37.7193 0.0607698 86.7111
39.348 0.0989807 89.8475
40.4245 0.0667143 91.9842
50.0277 0.79332 86.2206
50.8701 0.774652 88.0089
42.8927 0.248067 89.182
43.4413 0.234385 90.3252
42.0462 -0.27582 84.8712
42.5788 -0.287951 85.9395
50.432 0.770802 87.1127
51.2565 0.751527 88.8655
42.9879 0.271271 89.2466
44.5483 0.249145 92.508
40.9362 0.0953162 92.9027
42.0083 0.0660569 95.0558
45.9747 0.46104 86.5838
47.8065 0.445182 90.3833
43.0343 0.360819 89.5233
44.9658 0.249773 93.1625
46.333 0.483224 87.0887
47.8182 0.444788 90.1661
43.0518 0.347169 89.3613
44.9708 0.242643 93.0665
46.7876 0.468034 87.9547
47.7873 0.440396 90.0212
47.2311 0.447297 88.8368
47.7225 0.431258 89.8425
43.9391 0.287615 90.696
44.9243 0.265938 92.7347
43.6558 0.0935992 97.9918
44.5899 0.04867 99.8181
44.4159 0.29957 91.6215
44.9196 0.290284 92.6589
47.5163 0.05982 105.176
48.5716 0.00121204 107.216
53.182 0.4128 100.086
54.91 0.373176 103.686
50.0653 0.245672 102.399
52.0328 0.196824 106.497
50.1845 0.253467 102.53
52.0152 0.206132 106.35
53.3694 0.397987 100.433
54.8649 0.362858 103.546
49.7779 0.0545759 109.549
50.9833 0.00650229 111.956
50.6501 0.257913 103.424
51.9895 0.22478 106.172
53.8561 0.402065 101.327
54.8338 0.37504 103.381
51.063 0.263823 104.227
51.9964 0.236557 106.154
54.3688 0.394052 102.309
54.8555 0.381181 103.332
53.0523 0.00221593 115.346
54.0856 -0.0360635 117.43
64.7845 0.711605 114.011
65.5599 0.674062 115.684
57.1676 0.149585 115.963
58.1623 0.124224 118.04
60.0968 0.340936 113.333
61.876 0.312737 117.013
65.1847 0.686297 114.887
65.4511 0.668323 115.474
57.2629 0.159888 115.806
59.0626 0.126744 119.522
57.3117 0.170933 115.838
59.0925 0.136442 119.523
57.7601 0.18162 116.711
59.0828 0.156949 119.445
58.1827 0.188567 117.475
59.1338 0.168283 119.409
58.678 0.192726 118.442
59.0572 0.181991 119.221
58.5172 -0.0592894 125.765
59.6728 -0.11104 128.075
60.0388 -0.057807 128.691
61.2978 -0.101282 131.257
70.62 0.611021 124.982
71.3104 0.589604 126.427
71.3253 0.592062 126.452
71.818 0.568889 127.5
63.6453 0.121257 128.151
64.9066 0.0956432 130.822
60.9683 -0.0451699 130.55
61.7876 -0.114773 132.073
61.3392 -0.0354164 131.382
62.2954 -0.111811 133.176
63.6255 0.140775 127.999
65.4304 0.109917 131.78
63.5515 0.158814 127.795
65.3811 0.122963 131.641
66.6705 0.261132 125.283
68.385 0.226259 128.86
67.0216 0.271323 125.915
68.4184 0.249694 128.842
67.7758 -0.0912096 143.002
68.9689 -0.120503 145.402
71.4246 0.0829258 142.766
72.0705 0.0693125 144.124
71.5132 0.0905326 142.836
72.6518 0.0748094 145.174
71.4715 0.0918475 142.645
73.1524 0.0602179 146.136
74.4892 0.239823 140.041
76.3376 0.211181 143.868
68.9315 -0.10662 145.22
70.0994 -0.132383 147.618
71.5304 0.112198 142.704
73.4105 0.0695266 146.631
69.4412 -0.0903206 146.36
70.6701 -0.123018 148.865
71.5028 0.125501 142.529
73.4158 0.0906264 146.528
71.6164 0.135158 142.66
73.4224 0.0849259 146.441
74.8307 0.25328 140.397
76.3357 0.212615 143.54
75.2607 0.238425 141.28
76.2548 0.21298 143.363
72.1432 -0.108457 151.306
73.267 -0.159421 153.541
77.744 0.0568049 154.674
78.3675 0.0324776 155.994
77.7314 0.0584981 154.586
78.9128 0.0341899 157.032
85.5598 0.592722 153.038
86.0244 0.559806 154.06
85.8635 0.559955 153.73
86.2749 0.533529 154.629
80.9438 0.261407 152.224
82.7462 0.216727 156.053
77.4899 0.102371 153.973
79.2911 0.0545619 157.734
76.0091 -0.128531 158.491
76.9962 -0.152508 160.537
80.8167 0.266354 151.89
82.5943 0.243851 155.689
77.3477 0.120661 153.635
79.1418 0.0753186 157.374
76.3846 -0.116985 159.349
77.3762 -0.141316 161.416
77.1118 -0.0767377 161.031
78.0888 -0.100607 163.053
77.7973 -0.0275725 162.669
78.8013 -0.0548992 164.738
78.4945 0.0567012 164.437
79.5264 -0.00303352 166.465
82.1079 -0.0198936 169.811
83.272 -0.0919328 172.099
85.2434 0.048588 167.962
86.1086 0.0309146 169.816
82.5606 -0.0486233 170.623
83.8445 -0.0907576 173.281
85.3576 0.059137 168.18
86.6233 0.0344108 170.845
85.4195 0.0653688 168.289
87.0781 0.0268198 171.799
85.5023 0.0694446 168.42
87.1862 0.035236 171.975
88.6047 0.150089 166.583
90.2481 0.122709 170.038
84.2531 -0.159023 173.666
85.9736 -0.183447 177.316
88.6893 0.159537 166.649
90.316 0.12443 170.085
85.4515 0.0578749 168.335
87.1646 0.0208575 171.923
88.8806 0.142433 166.997
90.4088 0.114133 170.245
85.6034 0.0384553 168.684
87.1466 0.00681427 171.912
89.3717 0.145587 167.961
90.4567 0.122467 170.28
86.0778 0.00571396 169.671
87.085 -0.0187671 171.774
86.7577 -0.241017 178.285
88.0993 -0.246032 181.114
88.868 -0.219533 182.432
89.967 -0.240649 184.695
91.9336 -0.0419341 181.267
92.948 -0.0552838 183.399
89.4424 -0.226362 183.54
90.7416 -0.24576 186.219
92.0183 -0.0322974 181.413
93.782 -0.0446169 185.086
92.0678 -0.0366398 181.424
93.7884 -0.0395886 185.003
94.9884 0.147383 178.946
96.6571 0.148335 182.455
90.4957 -0.23265 185.578
91.7492 -0.26186 188.136
92.0976 -0.0334403 181.364
93.8091 -0.0652294 184.894
92.4971 -0.0180967 182.008
93.8407 -0.0366515 184.821
92.1076 -0.228011 188.621
93.2739 -0.273304 190.947
93.0122 -0.00132783 183.014
93.8643 -0.00768799 184.781
93.5088 0.0118126 183.981
93.8114 0.0122698 184.605
102.029 0.144521 192.471
102.492 0.131654 193.447
101.933 0.142254 192.251
102.809 0.118281 194.099
99.0508 -0.00465231 194.898
99.6134 -0.0332063 196.13
101.935 0.13231 192.219
103.175 0.0961948 194.829
99.0732 0.00466314 194.915
100.14 -0.017192 197.154
102.182 0.165708 192.465
103.902 0.144083 196.069
102.123 0.156785 192.302
103.819 0.134231 195.85
99.0837 0.00315258 194.406
100.71 -0.0208998 197.867
99.4647 0.00714011 195.134
100.713 -0.00623603 197.76
102.795 0.17353 193.475
103.844 0.155027 195.685
99.9492 0.015814 196.08
100.703 0.00513743 197.656
100.746 -0.199693 205.093
102.189 -0.210775 208.118
112.403 0.411923 204.23
113.142 0.413923 205.767
105.591 -0.0507102 207.379
106.369 -0.0625396 209.009
112.883 0.418782 205.214
113.365 0.408111 206.247
108.816 0.104446 205.412
109.619 0.110023 207.104
105.617 -0.0399178 207.4
106.902 -0.0527226 210.071
108.352 -0.414319 202.387
108.591 -0.417147 202.872
109.047 0.162734 205.648
110.866 0.157667 209.433
105.639 -0.030599 207.332
107.31 -0.0409373 210.828
105.625 -0.0181911 207.21
107.31 -0.0320709 210.74
109.041 0.149722 205.587
110.766 0.150954 209.197
108.967 0.142404 205.404
110.694 0.145874 209.029
109.139 0.147303 205.687
110.671 0.143959 208.897
109.619 0.148018 206.613
110.623 0.143166 208.709
105.835 -0.17775 214.861
107.038 -0.214484 217.292
110.076 0.142318 207.555
110.582 0.134349 208.591
106.371 -0.168958 216.013
107.602 -0.204825 218.548
115.041 -0.000342159 217.827
115.474 -0.00443658 218.735
112.559 -0.0893227 220.785
114.2 -0.127395 224.234
115.829 0.12023 218.993
117.68 0.0993141 222.836
115.834 0.115006 218.983
117.692 0.102466 222.874
115.882 0.108925 219.063
117.781 0.08509 222.995
112.49 -0.199432 220.707
114.259 -0.228797 224.446
115.96 0.0614873 219.276
117.591 0.0466667 222.667
112.62 -0.178626 220.911
114.367 -0.202532 224.587
113.038 -0.190548 221.652
114.356 -0.210017 224.395
116.889 0.0333724 221.107
117.493 0.0263238 222.354
113.524 -0.185487 222.627
114.376 -0.202694 224.413
113.195 -0.397479 229.155
114.549 -0.41763 232.001
113.717 -0.383662 230.32
115.068 -0.407938 233.149
119.854 -0.21708 235.132
120.431 -0.228884 236.321
116.88 -0.386509 236.324
118.012 -0.397238 238.681
123.247 0.0988105 233.317
124.635 0.0805756 236.151
119.895 -0.195542 235.151
120.904 -0.214809 237.228
123.199 0.0998828 232.9
125.024 0.069534 236.686
119.995 -0.208907 234.944
121.816 -0.227233 238.748
123.563 0.0861872 233.564
124.977 0.06896 236.493
120.045 -0.184972 234.972
121.892 -0.20235 238.826
120.537 -0.177716 235.88
121.94 -0.193617 238.843
121.052 -0.176725 236.853
121.923 -0.191801 238.708
120.738 -0.372113 243.364
121.904 -0.430132 245.576
133.758 0.295321 245.354
134.293 0.285265 246.447
134.207 0.289976 246.264
134.704 0.275992 247.29
129.972 -0.00117932 245.975
131.037 -0.0221483 248.202
126.775 -0.166181 248.229
128.289 -0.194611 251.419
129.968 -0.0130591 245.921
131.502 -0.0391156 249.144
129.984 -0.0168085 245.827
131.748 -0.0407761 249.51
126.806 -0.164411 248.219
128.641 -0.180449 252.053
129.955 -0.0234812 245.738
131.673 -0.0482187 249.32
126.82 -0.138094 248.232
128.644 -0.162744 252.046
130.114 0.00602848 245.887
131.764 -0.0137357 249.348
126.786 -0.124724 248.05
128.638 -0.14198 251.926
126.16 -0.455663 253.017
127.402 -0.480303 255.526
137.018 -0.0438375 259.443
137.532 -0.0438024 260.493
133.767 -0.172909 261.61
134.351 -0.180273 262.839
133.783 -0.164018 261.605
134.876 -0.18398 263.85
137.035 -0.0593289 259.459
137.964 -0.0695705 261.362
137.171 -0.040612 259.552
138.623 -0.0519899 262.5
133.799 -0.171175 261.535
135.367 -0.195123 264.825
137.221 -0.0349255 259.55
138.942 -0.0486849 263.077
137.259 -0.0081815 259.516
138.995 -0.0402345 263.079
137.251 -0.023058 259.502
138.891 -0.0600235 262.865
137.634 -0.0175023 260.142
138.913 -0.0465235 262.786
138.073 -0.0372918 261.014
138.835 -0.0571448 262.579
134.249 -0.556278 268.402
135.381 -0.589642 270.649
134.776 -0.571401 269.405
135.984 -0.586399 271.842
145.615 0.170427 275.138
146.177 0.139401 276.353
137.405 -0.529212 274.776
138.559 -0.559087 277.137
137.912 -0.520371 275.848
139.021 -0.566217 278.066
145.685 0.197422 275.084
146.49 0.104714 277.049
141.239 -0.269342 275.737
142.109 -0.296484 277.537
138.42 -0.507547 276.916
139.467 -0.551662 278.999
144.453 -0.0808178 273.436
145.811 -0.112702 276.262
141.228 -0.260918 275.607
142.553 -0.290042 278.324
141.246 -0.250984 275.546
143.027 -0.292331 279.228
144.452 -0.0933317 273.386
146.215 -0.127465 277.083
141.264 -0.234355 275.529
143.125 -0.272978 279.362
141.274 -0.216247 275.429
143.106 -0.255805 279.204
144.624 -0.0862716 273.659
146.322 -0.113686 277.168
141.57 -0.210897 275.941
143.154 -0.241824 279.179
142.08 -0.214387 276.874
143.136 -0.238064 279.022
144.333 -0.412898 288.548
145.376 -0.44906 290.633
144.835 -0.406497 289.577
145.998 -0.432077 291.949
145.35 -0.408542 290.543
146.505 -0.436447 292.891
147.803 -0.320848 287.483
149.182 -0.349235 290.358
145.921 -0.405981 291.751
146.991 -0.448707 293.878
147.93 -0.311191 287.707
149.749 -0.343728 291.482
146.55 -0.409577 292.958
147.615 -0.42199 295.164
147.976 -0.297309 287.712
149.837 -0.325791 291.56
148.098 -0.276251 287.858
149.95 -0.306632 291.679
147.217 -0.407191 294.253
148.288 -0.439996 296.414
148.597 -0.26629 288.827
149.983 -0.30144 291.728
157.054 -0.175363 297.399
158.003 -0.206093 299.348
157.075 -0.190643 297.383
158.375 -0.222768 300.095
154.528 -0.356412 299.84
156.311 -0.400367 303.489
154.604 -0.337355 299.928
156.372 -0.381212 303.548
155.102 -0.341087 300.818
156.428 -0.368301 303.528
155.575 -0.34357 301.733
156.447 -0.362799 303.501
161.902 -0.446131 314.182
162.392 -0.465053 315.206
161.935 -0.437857 314.164
162.948 -0.46572 316.272
162.026 -0.419235 314.286
163.505 -0.461977 317.372
162.67 -0.435492 315.129
163.982 -0.477733 317.873
163.154 -0.432728 316.084
164.015 -0.461985 317.89
163.632 -0.438248 317.053
164.015 -0.455729 317.869
168.194 -0.526344 326.014
168.561 -0.549552 326.852
168.206 -0.504418 325.96
169.131 -0.533637 327.97
168.412 -0.535246 326.148
170.274 -0.598655 330.002
168.624 -0.51705 326.483
170.333 -0.587634 330.032
169.111 -0.511845 327.418
170.373 -0.562274 330.033
169.653 -0.502779 328.406
170.395 -0.542956 329.954
169.109 -0.695346 335.672
169.662 -0.746775 336.691
176.24 -0.602665 340.836
178.122 -0.644741 344.715
176.717 -0.585859 341.541
178.141 -0.645222 344.463
176.151 -0.792483 348.492
177.304 -0.836181 350.838
177.213 -0.587202 342.501
178.175 -0.631046 344.485
177.735 -0.579844 343.486
178.188 -0.598874 344.416
183.068 -0.723972 353.914
183.82 -0.744437 355.498
183.152 -0.706319 354.027
184.461 -0.737874 356.77
183.219 -0.704253 353.884
185.015 -0.745558 357.582
183.278 -0.88861 361.451
184.396 -0.936977 363.661
190.513 -0.794582 367.179
192.445 -0.837575 371.14
190.546 -0.767376 367.155
192.442 -0.804864 371.026
189.199 -0.936169 372.398
190.728 -0.98651 375.387
190.622 -0.745084 367.234
192.446 -0.778519 370.949
191.355 -0.741227 368.442
192.426 -0.776488 370.63
191.885 -0.74116 369.397
192.424 -0.748921 370.468
192.52 -0.978114 378.283
194.102 -1.03852 381.384
193.078 -0.989862 379.313
194.648 -1.05254 382.417
193.613 -0.994752 380.304
195.149 -1.0626 383.319
194.671 -1.01713 382.167
196.246 -1.08457 385.284
195.216 -1.02351 383.24
196.689 -1.07311 386.223
198.845 -0.803212 382.11
199.872 -0.831835 384.211
198.519 -0.803078 390.212
200.455 -0.858198 394.077
199.737 -0.769825 383.683
200.193 -0.780257 384.618
201.117 -0.922852 394.572
203.009 -0.94444 398.476
202.855 -0.890184 398.06
204.532 -0.947044 401.41
203.459 -0.929467 398.927
205.079 -0.965939 402.223
204.065 -0.8923 400.304
205.777 -0.918859 403.824
205.74 -0.878541 394.872
207.566 -0.910981 398.557
205.932 -0.878551 395.067
207.573 -0.923362 398.414
205.338 -0.918978 402.587
207.126 -0.933867 406.302
206.392 -0.876537 395.919
207.603 -0.902964 398.372
206.951 -0.870519 396.942
207.649 -0.888759 398.355
219.778 -0.900532 420.61
221.085 -0.916446 423.272
220.171 -0.912262 421.308
221.836 -0.940996 424.699
220.155 -0.90212 421.244
221.827 -0.933238 424.656
-208.911 8.91093 -245.136
-205.701 8.83118 -242.691
-208.262 8.8898 -244.65
-205.777 8.82219 -242.768
-184.586 8.3692 -227.1
-182.575 8.30819 -225.4
-188.123 8.36261 -225.936
-183.364 8.21083 -221.898
-184.543 8.36957 -227.062
-181.822 8.29072 -224.754
-183.934 8.3114 -226.466
-181.952 8.24945 -224.822
-181.962 8.15327 -220.875
-177.179 7.97957 -216.794
-161.281 7.98572 -208.446
-158.06 7.8701 -205.479
-161.309 7.97471 -208.493
-158.192 7.86512 -205.618
-81.4436 4.53614 -121.777
-77.1231 4.28675 -115.804
-80.8979 4.49253 -121.123
-76.7797 4.26264 -115.364
-49.5103 3.2738 -76.5023
-45.4899 3.03276 -69.5293
-48.9747 3.23051 -75.6902
-45.0332 2.99283 -68.8682
-47.2442 3.21897 -72.7599
-43.1327 2.9295 -65.6443
-46.6692 3.17179 -71.8358
-42.6498 2.88459 -64.9245
-40.7653 2.89188 -69.3908
-40.2005 2.86273 -68.3637
-46.1369 3.12645 -70.9983
-42.1632 2.83842 -64.209
-40.8349 2.88878 -69.5359
-39.7202 2.82362 -67.5294
-39.958 2.90566 -68.4269
-38.9076 2.83326 -66.5063
-34.0525 2.65175 -58.0698
-33.7913 2.63809 -57.5478
-34.0976 2.66638 -58.1875
-33.3273 2.61748 -56.6985
-34.1459 2.67515 -58.2655
-33.0666 2.61046 -56.1686
-34.1061 2.68057 -58.2088
-32.6239 2.59922 -55.3627
-33.9814 2.70156 -58.0473
-32.0743 2.59376 -54.3928
-28.7462 2.25523 -41.3187
-25.2361 2.02507 -34.1584
-28.2542 2.21284 -40.4448
-24.8186 1.99306 -33.3663
-26.7639 2.13308 -37.6278
-23.4196 1.93894 -30.6445
1.16598 0.992283 8.68355
3.00221 0.919478 12.5562
1.16562 0.980634 8.62681
2.97323 0.909064 12.461
1.66999 0.913791 9.65632
2.78298 0.867161 11.9957
15.1689 0.721587 35.7135
17.0969 0.665976 39.8226
22.7973 0.459293 50.2858
23.6406 0.433618 52.0823
23.226 0.449949 51.1715
23.5726 0.434156 51.9144
35.5306 0.288584 74.8479
37.3436 0.258201 78.6405
54.2112 0.0226329 117.351
56.9043 -0.0551102 123.016
85.552 0.0546856 168.586
86.2998 0.0434681 170.176
85.488 0.0565884 168.455
86.6673 0.0335525 170.937
85.5 0.0589486 168.446
87.0683 0.0293534 171.75
85.4519 0.0590187 168.333
87.108 0.0166902 171.82
85.3822 0.0572578 168.181
87.0812 0.020559 171.739
85.6368 0.0288309 168.715
86.9888 -0.00159423 171.531
91.7758 -0.0282485 180.984
92.5979 -0.0416459 182.7
91.7884 -0.0400239 180.962
93.0185 -0.0562117 183.547
113.591 -0.20678 222.771
114.138 -0.211861 223.922
126.901 -0.139224 248.049
127.917 -0.15183 250.168
132.8 -0.140299 259.608
134.279 -0.161038 262.669
132.85 -0.144875 259.629
134.481 -0.166027 262.982
132.922 -0.158815 259.692
134.454 -0.18428 262.897
145.894 0.173405 275.593
146.183 0.140088 276.299
155.688 -0.34605 301.961
156.61 -0.366388 303.831
163.103 -0.449426 316.034
164.132 -0.482557 318.186
163.549 -0.454074 316.881
164.142 -0.472641 318.131
168.167 -0.503205 325.877
168.974 -0.528695 327.63
168.073 -0.502879 325.663
169.264 -0.550311 328.214
168.143 -0.517246 325.795
169.858 -0.574401 329.34
168.22 -0.533496 325.9
170.082 -0.586225 329.786
219.789 -0.903241 420.523
221.327 -0.924366 423.638
219.618 -0.909998 420.159
221.137 -0.929977 423.273
219.667 -0.910091 420.247
221.003 -0.93289 422.937
