Frame Lidar x y x y Distance ClusterID
37      1  274  417  273  419   12.6    0
47      1  235  415  237  419   12.6    0
48      1  263  411  263  416   13.2    0
51      1  272  411  271  414   13.6    0
51      1  260  417  260  424   11.6    1
52      2  260  421  259  426   11.2    0
54      1  259  424  259  430   10.4    0
54      2  259  425  258  431   10.2    0
55      2  259  427  258  434    9.6    0
56      1  257  428  255  434    9.6    0
57      1  256  430  256  437      9    0
57      2  258  432  257  437      9    0
59      2  258  436  257  442      8    0
59      2  256  436  255  441    8.2    0
60      1  254  436  254  441    8.2    0
60      1  256  436  256  442      8    0
60      2  257  438  257  443    7.8    0
60      2  255  438  255  443    7.8    0
61      1  255  438  255  443    7.8    0
61      2  255  439  255  445    7.4    0
62      1  276  425  274  430   10.4    0
62      1  255  440  254  445    7.4    1
62      1  257  440  256  446    7.2    1
62      2  257  441  256  447      7    1
62      2  255  441  254  446    7.2    1
63      1  255  442  255  447      7    0
63      1  257  442  256  447      7    0
63      2  257  443  256  448    6.8    0
63      2  255  442  254  447      7    0
64      1  254  443  254  448    6.8    0
64      1  256  442  256  449    6.6    0
64      2  255  444  254  449    6.6    0
65      1  279  414  275  421   12.2    0
65      1  254  444  255  450    6.4    1
65      2  254  446  254  450    6.4    1
66      1  238  412  240  419   12.6    0
66      1  256  447  256  452      6    1
66      2  257  448  257  452      6    1
66      2  254  447  254  452      6    1
67      1  238  412  239  420   12.4    0
67      1  268  405  268  409   14.6    1
67      1  255  447  254  454    5.6    2
67      1  256  449  256  454    5.6    2
67      2  257  449  256  454    5.6    2
67      2  254  449  254  453    5.8    2
68      1  255  449  255  454    5.6    0
68      1  256  449  256  454    5.6    0
69      1  255  451  253  456    5.2    0
69      1  256  452  256  456    5.2    0
69      2  257  452  256  457      5    0
70      1  255  454  254  458    4.8    0
70      1  256  453  255  458    4.8    0
70      2  258  454  257  458    4.8    0
70      2  256  453  255  459    4.6    0
71      1  255  453  254  458    4.8    0
71      1  257  454  257  458    4.8    0
72      1  257  456  257  460    4.4    0
72      2  258  457  258  460    4.4    0
72      2  255  456  254  460    4.4    0
73      1  254  457  253  462      4    0
73      2  258  458  257  461    4.2    0
73      2  254  457  254  460    4.4    0
74      1  254  457  254  462      4    0
74      2  258  458  257  462      4    0
75      1  255  458  254  462      4    0
75      1  257  457  257  463    3.8    0
76      1  253  459  253  462      4    0
76      1  256  458  256  463    3.8    0
76      2  257  458  256  463    3.8    0
77      1  253  459  253  462      4    0
77      1  256  458  256  463    3.8    0
78      1  253  459  253  462      4    0
78      1  256  458  256  463    3.8    0
78      2  257  458  256  463    3.8    0
79      1  239  422  240  429   10.6    0
79      1  253  459  253  462      4    1
79      1  256  458  256  463    3.8    1
80      1  253  459  253  462      4    0
80      1  256  458  256  463    3.8    0
81      1  253  459  253  462      4    0
81      1  256  458  256  463    3.8    0
82      1  253  459  253  462      4    0
82      1  256  458  256  463    3.8    0
83      1  253  459  253  462      4    0
83      1  256  458  256  463    3.8    0
84      1  253  459  253  462      4    0
84      1  256  458  256  463    3.8    0
85      1  253  459  253  462      4    0
85      1  256  458  256  463    3.8    0
86      1  253  459  253  462      4    0
86      1  256  458  256  463    3.8    0
87      1  253  459  253  462      4    0
87      1  256  458  256  463    3.8    0
88      1  256  458  256  463    3.8    0
89      1  253  459  253  462      4    0
89      1  256  458  256  463    3.8    0
90      1  253  459  253  464    3.6    0
90      1  256  458  256  463    3.8    0
91      1  253  459  253  462      4    0
91      1  256  458  256  463    3.8    0
92      1  253  459  253  462      4    0
92      1  256  458  256  463    3.8    0
93      1  253  459  253  462      4    0
93      1  256  458  256  463    3.8    0
94      1  253  459  253  462      4    0
94      2  258  458  257  462      4    1
95      1  253  458  252  463    3.8    0
96      1  256  457  255  463    3.8    0
96      2  258  458  257  461    4.2    0
96      2  254  457  254  461    4.2    0
97      1  253  457  253  461    4.2    0
97      1  256  458  257  462      4    0
97      2  258  458  257  461    4.2    0
97      2  257  457  256  462      4    0
98      1  254  456  253  461    4.2    0
99      1  253  457  253  461    4.2    0
99      1  256  457  255  462      4    0
99      1  254  457  254  463    3.8    0
99      2  258  457  258  460    4.4    0
99      2  256  456  255  460    4.4    0
99      2  255  456  254  460    4.4    0
100      1  254  457  253  460    4.4    0
100      1  256  456  257  460    4.4    0
100      2  255  456  254  460    4.4    0
101      1  254  456  252  461    4.2    0
101      1  256  456  255  460    4.4    0
101      2  256  455  255  460    4.4    0
101      2  255  455  254  459    4.6    0
102      1  255  455  254  460    4.4    0
102      1  257  455  256  459    4.6    0
102      2  258  455  257  459    4.6    0
102      2  255  454  254  459    4.6    0
103      1  253  455  252  459    4.6    0
103      1  255  455  255  460    4.4    0
103      1  254  455  254  460    4.4    0
103      2  255  454  254  458    4.8    0
104      1  254  453  253  459    4.6    0
104      1  256  453  256  458    4.8    0
104      2  257  453  256  458    4.8    0
104      2  255  453  254  458    4.8    0
105      1  254  453  254  457      5    0
105      1  257  452  256  457      5    0
105      2  258  453  257  457      5    0
105      2  255  452  254  457      5    0
106      1  272  413  271  420   12.4    0
106      1  254  451  253  456    5.2    1
106      1  258  452  257  456    5.2    1
106      2  258  452  257  456    5.2    1
106      2  255  451  255  456    5.2    1
107      1  235  413  235  416   13.2    0
107      1  255  450  253  455    5.4    1
107      1  257  451  256  456    5.2    1
107      1  255  450  255  456    5.2    1
107      2  258  451  258  455    5.4    1
107      2  256  450  255  455    5.4    1
108      1  254  450  253  455    5.4    0
108      1  254  450  255  455    5.4    0
108      2  256  449  255  454    5.6    0
109      1  254  449  254  454    5.6    0
109      1  254  449  254  455    5.4    0
109      2  256  448  255  453    5.8    0
110      1  240  411  242  418   12.8    0
110      1  254  447  254  452      6    1
110      1  256  448  255  453    5.8    1
110      2  258  447  257  452      6    1
110      2  256  447  255  452      6    1
111      1  270  410  270  412     14    0
111      1  262  437  261  442      8    1
111      1  254  446  254  451    6.2    2
111      1  256  446  255  451    6.2    2
111      2  256  446  255  451    6.2    2
111      2  254  446  254  450    6.4    2
112      1  271  408  270  411   14.2    0
112      1  262  412  261  415   13.4    1
112      1  255  445  255  450    6.4    2
112      1  257  446  256  451    6.2    2
112      2  258  445  257  450    6.4    2
112      2  256  445  255  450    6.4    2
113      1  234  409  234  413   13.8    0
113      1  254  444  253  450    6.4    1
113      1  256  445  255  449    6.6    1
113      2  256  444  256  449    6.6    1
114      1  255  443  254  448    6.8    0
114      1  257  443  255  450    6.4    0
114      2  257  443  256  448    6.8    0
114      2  255  443  254  448    6.8    0
115      1  267  413  265  420   12.4    0
115      1  254  442  254  448    6.8    1
115      1  256  442  256  447      7    1
115      2  257  442  256  447      7    1
115      2  255  442  254  447      7    1
116      1  254  441  255  446    7.2    0
116      2  255  441  254  445    7.4    0
117      1  254  440  254  446    7.2    0
117      1  256  440  256  445    7.4    0
117      2  257  440  256  445    7.4    0
117      2  255  440  255  445    7.4    0
118      1  261  430  260  434    9.6    0
118      1  254  439  254  444    7.6    1
118      2  257  439  256  444    7.6    1
118      2  255  438  255  444    7.6    1
119      1  254  439  254  444    7.6    0
119      2  255  437  255  443    7.8    0
120      1  255  436  255  443    7.8    0
120      2  256  436  255  443    7.8    0
121      1  254  436  254  442      8    0
121      2  256  435  255  441    8.2    0
121      2  254  435  253  440    8.4    0
122      1  254  434  254  440    8.4    0
122      2  256  434  255  440    8.4    0
123      2  256  433  255  440    8.4    0
123      2  254  433  253  438    8.8    0
124      1  232  407  235  414   13.6    0
124      1  253  433  253  439    8.6    1
126      2  254  429  254  435    9.4    0
127      1  274  417  274  419   12.6    0
129      2  254  426  254  432     10    0
130      1  266  412  266  417     13    0
132      1  251  424  251  430   10.4    0
132      1  272  412  271  416   13.2    1
134      1  253  422  253  428   10.8    0
134      2  255  422  254  429   10.6    0
135      1  254  422  254  427     11    0
135      2  255  421  254  428   10.8    0
136      2  255  421  254  426   11.2    0
137      2  255  420  254  426   11.2    0
138      1  262  409  260  418   12.8    0
139      1  236  409  237  412     14    0
139      1  258  411  258  416   13.2    1
140      1  275  414  274  416   13.2    0
140      2  255  418  254  425   11.4    1
146      2  255  415  255  421   12.2    0
148      1  253  414  252  421   12.2    0
148      1  264  411  263  415   13.4    1
150      1  253  413  252  419   12.6    0
153      1  252  411  251  418   12.8    0
154      1  253  411  252  417     13    0
157      1  252  409  252  415   13.4    0
159      1  252  409  252  415   13.4    0
168      1  252  409  252  415   13.4    0
